2025 243.13922531
L3  113.29   1.20    2.67
L3  113.29   2.20    9.00
L3  113.29   3.20    8.89
L3  113.29   4.20    9.22
L3  113.29   5.20   29.72
L3  113.29   6.21   20.61
L3  113.29   7.21   21.26
L3  113.29   8.20   20.52
L3  113.29   9.20   21.63
L3  113.29  10.20   14.39
L3  113.29  11.20   12.41
L3  113.29  12.20   15.60
L3  113.29  13.20   18.20
L3  113.29  14.20   19.72
L3  113.29  15.21   17.41
L3  113.81  -0.80    1.24
L3  113.81   0.20    3.13
L3  113.81   1.20    6.97
L3  113.81   2.20    7.11
L3  113.81   3.20   12.73
L3  113.81   4.20   11.60
L3  113.81   5.20   22.30
L3  113.81   6.21   21.03
L3  113.81   7.21   17.44
L3  113.81   8.20   18.44
L3  113.81   9.20   18.33
L3  113.81  10.20   24.14
L3  113.81  11.20   30.86
L3  113.81  12.20   23.58
L3  113.81  13.20   25.06
L3  113.81  14.20   23.03
L3  113.81  15.21   26.16
L3  113.81  16.21   18.21
L3  114.82  -5.80    9.35
L3  114.82  -4.80   11.40
L3  114.82  -3.80   10.20
L3  114.82  -2.79    7.19
L3  114.82  -1.79    4.55
L3  114.82   1.20    0.72
L3  114.82   2.20    5.41
L3  114.82   3.20    6.58
L3  114.82   4.20   15.56
L3  114.82   5.20   11.78
L3  114.82   6.21   15.42
L3  114.82   7.21   18.26
L3  114.82   8.20   21.31
L3  114.82   9.20   21.41
L3  114.82  10.20   20.63
L3  114.82  11.20   21.01
L3  114.82  12.20   22.54
L3  114.82  13.20   24.77
L3  114.82  14.20   28.08
L3  114.82  15.21   29.51
L3  114.82  16.21   24.46
L3  114.82  17.20   29.81
L3  114.82  18.20   19.90
L3  115.82  -8.80   18.22
L3  115.82  -7.80   26.92
L3  115.82  -6.80   20.36
L3  115.82  -5.80   18.30
L3  115.82  -4.80   12.78
L3  115.82  -3.80   14.03
L3  115.82  -2.79    9.74
L3  115.82  -1.79    1.95
L3  115.82  -0.80    0.39
L3  115.82   0.20   -0.77
L3  115.82   1.20    2.39
L3  115.82   2.20    4.22
L3  115.82   3.20    8.23
L3  115.82   4.20    9.64
L3  115.82   5.20    8.27
L3  115.82   6.21   10.52
L3  115.82   7.21   11.38
L3  115.82   8.20   14.43
L3  115.82   9.20   17.65
L3  115.82  10.20   19.78
L3  115.82  11.20   21.76
L3  115.82  12.20   34.37
L3  115.82  13.20   30.07
L3  115.82  14.20   29.01
L3  115.82  15.21   29.47
L3  115.82  16.21   30.06
L3  115.82  17.20   30.61
L3  115.82  18.20   28.81
L3  115.82  19.20   21.63
L3  116.82 -11.79   27.81
L3  116.82 -10.79   28.75
L3  116.82  -9.80   24.38
L3  116.82  -8.80   27.12
L3  116.82  -7.80   19.57
L3  116.82  -6.80   15.22
L3  116.82  -5.80   16.13
L3  116.82  -4.80   14.05
L3  116.82  -3.80    6.94
L3  116.82  -2.79    8.22
L3  116.82  -1.79    2.79
L3  116.82  -0.80    1.57
L3  116.82   0.20    0.37
L3  116.82   1.20   -0.39
L3  116.82   2.20    5.95
L3  116.82   3.20    9.52
L3  116.82   4.20   10.09
L3  116.82   5.20    9.48
L3  116.82   6.21   11.01
L3  116.82   7.21   17.90
L3  116.82   8.20   20.25
L3  116.82   9.20   22.08
L3  116.82  10.20   23.14
L3  116.82  11.20   23.26
L3  116.82  12.20   23.67
L3  116.82  13.20   25.59
L3  116.82  14.20   26.28
L3  116.82  15.21   27.83
L3  116.82  16.21   32.94
L3  116.82  17.20   32.37
L3  116.82  18.20   27.56
L3  116.82  19.20   31.94
L3  116.82  20.20   30.06
L3  117.82 -14.80   26.26
L3  117.82 -13.80   35.31
L3  117.82 -12.80   36.48
L3  117.82 -11.79   30.00
L3  117.82 -10.79   27.57
L3  117.82  -9.80   22.11
L3  117.82  -8.80   16.94
L3  117.82  -7.80   17.67
L3  117.82  -6.80   13.61
L3  117.82  -5.80   12.95
L3  117.82  -4.80   14.01
L3  117.82  -3.80   11.32
L3  117.82  -2.79   10.35
L3  117.82  -1.79    1.05
L3  117.82  -0.80    0.77
L3  117.82   0.20   -1.45
L3  117.82   1.20    2.45
L3  117.82   2.20    8.11
L3  117.82   3.20    8.82
L3  117.82   4.20    9.41
L3  117.82   5.20   10.02
L3  117.82   6.21   10.60
L3  117.82   7.21   15.48
L3  117.82   8.20   20.66
L3  117.82   9.20   22.24
L3  117.82  10.20   22.81
L3  117.82  11.20   25.77
L3  117.82  12.20   23.50
L3  117.82  13.20   23.39
L3  117.82  14.20   24.06
L3  117.82  15.21   26.67
L3  117.82  16.21   31.54
L3  117.82  17.20   26.43
L3  117.82  18.20   34.13
L3  117.82  19.20   33.21
L3  117.82  20.20   33.09
L3  117.82  21.20   28.37
L3  117.82  22.20   17.89
L3  118.82 -15.80   29.06
L3  118.82 -14.80   47.89
L3  118.82 -13.80   36.33
L3  118.82 -12.80   31.86
L3  118.82 -11.79   34.58
L3  118.82 -10.79   21.28
L3  118.82  -9.80   21.30
L3  118.82  -8.80   19.63
L3  118.82  -7.80   16.91
L3  118.82  -6.80   21.10
L3  118.82  -5.80   14.05
L3  118.82  -4.80    8.26
L3  118.82  -3.80    9.65
L3  118.82  -2.79    5.62
L3  118.82  -1.79    2.47
L3  118.82  -0.80   -0.76
L3  118.82   0.20   -1.19
L3  118.82   1.20    1.10
L3  118.82   2.20    2.11
L3  118.82   3.20    3.11
L3  118.82   4.20    7.20
L3  118.82   5.20   10.97
L3  118.82   6.21   16.20
L3  118.82   7.21   14.50
L3  118.82   8.20   14.60
L3  118.82   9.20   18.38
L3  118.82  10.20   23.51
L3  118.82  11.20   24.67
L3  118.82  12.20   25.06
L3  118.82  13.20   29.55
L3  118.82  14.20   29.94
L3  118.82  15.21   28.34
L3  118.82  16.21   29.93
L3  118.82  17.20   34.29
L3  118.82  18.20   36.88
L3  118.82  19.20   32.53
L3  118.82  20.20   33.28
L3  118.82  21.20   33.12
L3  118.82  22.20   29.29
L3  118.82  23.20   17.07
L3  119.82 -16.80   22.64
L3  119.82 -15.80   35.59
L3  119.82 -14.80   42.96
L3  119.82 -13.80   34.14
L3  119.82 -12.80   26.87
L3  119.82 -11.79   25.23
L3  119.82 -10.79   24.93
L3  119.82  -9.80   18.71
L3  119.82  -8.80   15.58
L3  119.82  -7.80   13.88
L3  119.82  -6.80   12.35
L3  119.82  -5.80   14.29
L3  119.82  -4.80   10.20
L3  119.82  -3.80    8.10
L3  119.82  -2.79    7.01
L3  119.82  -1.79    6.75
L3  119.82  -0.80    0.77
L3  119.82   0.20   -1.09
L3  119.82   2.20    2.67
L3  119.82   3.20    2.76
L3  119.82   4.20    5.20
L3  119.82   5.20    8.99
L3  119.82   6.21   11.84
L3  119.82   7.21   11.46
L3  119.82   8.20   13.61
L3  119.82   9.20   15.52
L3  119.82  10.20   17.04
L3  119.82  11.20   20.04
L3  119.82  12.20   23.71
L3  119.82  13.20   25.58
L3  119.82  14.20   26.56
L3  119.82  15.21   28.50
L3  119.82  16.21   31.29
L3  119.82  17.20   33.61
L3  119.82  18.20   33.43
L3  119.82  19.20   40.53
L3  119.82  20.20   35.84
L3  119.82  21.20   32.80
L3  119.82  22.20   33.94
L3  119.82  23.20   33.60
L3  119.82  24.21   14.58
L3  120.82 -17.80    9.48
L3  120.82 -16.80   33.23
L3  120.82 -15.80   40.56
L3  120.82 -14.80   38.24
L3  120.82 -13.80   27.44
L3  120.82 -12.80   34.20
L3  120.82 -11.79   26.87
L3  120.82 -10.79   17.84
L3  120.82  -9.80   17.91
L3  120.82  -8.80   14.15
L3  120.82  -7.80   14.88
L3  120.82  -6.80   15.62
L3  120.82  -5.80   15.85
L3  120.82  -4.80   10.52
L3  120.82  -3.80    9.38
L3  120.82  -2.79    6.12
L3  120.82  -1.79    3.29
L3  120.82  -0.80   -0.36
L3  120.82   0.20    0.36
L3  120.82   1.20   -0.40
L3  120.82   3.20    6.05
L3  120.82   4.20    8.09
L3  120.82   5.20    7.03
L3  120.82   6.21    9.05
L3  120.82   7.21   13.59
L3  120.82   8.20   14.20
L3  120.82   9.20   16.04
L3  120.82  10.20   20.63
L3  120.82  11.20   22.66
L3  120.82  12.20   23.97
L3  120.82  13.20   23.81
L3  120.82  14.20   23.51
L3  120.82  15.21   26.76
L3  120.82  16.21   28.06
L3  120.82  17.20   36.24
L3  120.82  18.20   34.58
L3  120.82  19.20   35.97
L3  120.82  20.20   36.66
L3  120.82  21.20   34.57
L3  120.82  22.20   33.92
L3  120.82  23.20   33.10
L3  120.82  24.21   28.56
L3  121.82 -17.80   38.72
L3  121.82 -16.80   36.18
L3  121.82 -15.80   37.34
L3  121.82 -14.80   33.68
L3  121.82 -13.80   32.80
L3  121.82 -12.80   22.76
L3  121.82 -11.79   27.13
L3  121.82 -10.79   20.99
L3  121.82  -9.80   17.15
L3  121.82  -8.80   19.55
L3  121.82  -7.80   15.75
L3  121.82  -6.80   13.17
L3  121.82  -5.80   14.26
L3  121.82  -4.80   13.11
L3  121.82  -3.80    7.52
L3  121.82  -2.79    5.78
L3  121.82  -1.79    3.85
L3  121.82  -0.80    2.50
L3  121.82   0.20   -2.55
L3  121.82   1.20   -2.16
L3  121.82   3.20    2.70
L3  121.82   4.20    4.89
L3  121.82   5.20    8.54
L3  121.82   6.21   12.63
L3  121.82   7.21   12.45
L3  121.82   8.20   26.30
L3  121.82   9.20   20.32
L3  121.82  10.20   20.23
L3  121.82  11.20   22.61
L3  121.82  12.20   22.41
L3  121.82  13.20   24.00
L3  121.82  14.20   29.79
L3  121.82  15.21   30.44
L3  121.82  16.21   29.26
L3  121.82  17.20   30.46
L3  121.82  18.20   30.34
L3  121.82  19.20   33.17
L3  121.82  20.20   34.70
L3  121.82  21.20   37.07
L3  121.82  22.20   39.08
L3  121.82  23.20   36.63
L3  121.82  24.21   35.84
L3  122.81 -18.80   30.27
L3  122.81 -17.80   38.13
L3  122.81 -16.80   38.30
L3  122.81 -15.80   37.88
L3  122.81 -14.80   38.57
L3  122.81 -13.80   31.89
L3  122.81 -12.80   22.99
L3  122.81 -11.79   19.19
L3  122.81 -10.79   19.10
L3  122.81  -9.80   15.33
L3  122.81  -8.80   16.16
L3  122.81  -7.80   16.67
L3  122.81  -6.80   14.64
L3  122.81  -5.80   13.75
L3  122.81  -4.80   11.92
L3  122.81  -3.80   10.78
L3  122.81  -2.79    9.49
L3  122.81  -1.79    6.57
L3  122.81  -0.80    0.72
L3  122.81   0.20   -0.34
L3  122.81   1.20   -2.02
L3  122.81   2.20   -0.37
L3  122.81   3.20    2.48
L3  122.81   4.20    2.64
L3  122.81   5.20    5.08
L3  122.81   6.21   11.97
L3  122.81   7.21   13.82
L3  122.81   8.20   14.06
L3  122.81   9.20   12.32
L3  122.81  10.20   15.99
L3  122.81  11.20   17.36
L3  122.81  12.20   22.69
L3  122.81  13.20   23.90
L3  122.81  14.20   26.35
L3  122.81  15.21   29.78
L3  122.81  16.21   29.79
L3  122.81  17.20   32.17
L3  122.81  18.20   34.25
L3  122.81  19.20   33.86
L3  122.81  20.20   31.87
L3  122.81  21.20   34.37
L3  122.81  22.20   39.31
L3  122.81  23.20   38.20
L3  122.81  24.21   36.18
L3  123.82 -19.79   11.98
L3  123.82 -18.80   38.95
L3  123.82 -17.80   36.83
L3  123.82 -16.80   35.66
L3  123.82 -15.80   35.58
L3  123.82 -14.80   31.89
L3  123.82 -13.80   33.05
L3  123.82 -12.80   25.30
L3  123.82 -11.79   20.94
L3  123.82 -10.79   17.62
L3  123.82  -9.80   17.08
L3  123.82  -8.80   13.22
L3  123.82  -7.80   13.07
L3  123.82  -6.80   13.01
L3  123.82  -5.80   12.92
L3  123.82  -4.80   13.94
L3  123.82  -3.80   11.97
L3  123.82  -2.79   10.14
L3  123.82  -1.79    5.97
L3  123.82  -0.80    2.81
L3  123.82   0.20    2.27
L3  123.82   1.20    2.05
L3  123.82   2.20   -2.01
L3  123.82   3.20    0.77
L3  123.82   4.20    3.15
L3  123.82   5.20    3.50
L3  123.82   6.21    7.65
L3  123.82   7.21   13.03
L3  123.82   8.20   10.60
L3  123.82   9.20   13.24
L3  123.82  10.20   15.42
L3  123.82  11.20   17.91
L3  123.82  12.20   20.07
L3  123.82  13.20   20.72
L3  123.82  14.20   24.90
L3  123.82  15.21   27.49
L3  123.82  16.21   30.11
L3  123.82  17.20   34.85
L3  123.82  18.20   33.16
L3  123.82  19.20   34.51
L3  123.82  20.20   33.64
L3  123.82  21.20   34.45
L3  123.82  22.20   36.41
L3  123.82  23.20   35.46
L3  123.82  24.21   38.06
L3  124.82 -19.79   30.98
L3  124.82 -18.80   40.97
L3  124.82 -17.80   38.96
L3  124.82 -16.80   51.99
L3  124.82 -15.80   42.60
L3  124.82 -14.80   28.54
L3  124.82 -13.80   29.31
L3  124.82 -12.80   28.84
L3  124.82 -11.79   28.28
L3  124.82 -10.79   17.10
L3  124.82  -9.80   17.38
L3  124.82  -8.80   16.51
L3  124.82  -7.80   16.52
L3  124.82  -6.80   13.03
L3  124.82  -5.80   16.64
L3  124.82  -4.80   14.89
L3  124.82  -3.80    9.47
L3  124.82  -2.79    8.41
L3  124.82  -1.79    9.20
L3  124.82  -0.80    7.59
L3  124.82   0.20    3.80
L3  124.82   1.20    0.39
L3  124.82   2.20    1.55
L3  124.82   3.20   -0.41
L3  124.82   4.20    4.95
L3  124.82   5.20    4.05
L3  124.82   6.21    9.39
L3  124.82   7.21   11.39
L3  124.82   8.20   16.88
L3  124.82   9.20   15.88
L3  124.82  10.20   15.38
L3  124.82  11.20   20.64
L3  124.82  12.20   23.88
L3  124.82  13.20   25.95
L3  124.82  14.20   24.75
L3  124.82  15.21   29.11
L3  124.82  16.21   28.02
L3  124.82  17.20   29.42
L3  124.82  18.20   34.38
L3  124.82  19.20   37.85
L3  124.82  20.20   35.98
L3  124.82  21.20   37.17
L3  124.82  22.20   36.94
L3  124.82  23.20   34.78
L3  124.82  24.21   34.93
L3  124.82  25.21   35.13
L3  125.82 -20.79   18.19
L3  125.82 -19.79   42.65
L3  125.82 -18.80   39.55
L3  125.82 -17.80   42.16
L3  125.82 -16.80   37.24
L3  125.82 -15.80   33.09
L3  125.82 -14.80   34.92
L3  125.82 -13.80   24.19
L3  125.82 -12.80   21.38
L3  125.82 -11.79   18.40
L3  125.82 -10.79   20.01
L3  125.82  -9.80   17.92
L3  125.82  -8.80   14.61
L3  125.82  -7.80   14.49
L3  125.82  -6.80   15.50
L3  125.82  -5.80   10.35
L3  125.82  -4.80   10.54
L3  125.82  -3.80   10.90
L3  125.82  -2.79    9.95
L3  125.82  -1.79    7.86
L3  125.82  -0.80    5.54
L3  125.82   0.20    4.39
L3  125.82   1.20    1.06
L3  125.82   2.20    2.55
L3  125.82   3.20    0.84
L3  125.82   4.20    0.46
L3  125.82   5.20    4.80
L3  125.82   6.21   12.12
L3  125.82   7.21   10.78
L3  125.82   8.20   13.50
L3  125.82   9.20   18.34
L3  125.82  10.20   23.48
L3  125.82  11.20   22.42
L3  125.82  12.20   24.21
L3  125.82  13.20   27.00
L3  125.82  14.20   25.60
L3  125.82  15.21   27.82
L3  125.82  16.21   32.02
L3  125.82  17.20   35.33
L3  125.82  18.20   33.35
L3  125.82  19.20   35.15
L3  125.82  20.20   39.09
L3  125.82  21.20   39.30
L3  125.82  22.20   38.23
L3  125.82  23.20   41.39
L3  125.82  24.21   36.06
L3  125.82  25.21   35.18
L3  126.82 -20.79   34.51
L3  126.82 -19.79   43.75
L3  126.82 -18.80   45.15
L3  126.82 -17.80   39.13
L3  126.82 -16.80   41.11
L3  126.82 -15.80   39.27
L3  126.82 -14.80   32.12
L3  126.82 -13.80   28.33
L3  126.82 -12.80   28.36
L3  126.82 -11.79   22.21
L3  126.82 -10.79   22.90
L3  126.82  -9.80   20.62
L3  126.82  -8.80   15.11
L3  126.82  -7.80   14.74
L3  126.82  -6.80   19.68
L3  126.82  -5.80   12.85
L3  126.82  -4.80   12.04
L3  126.82  -3.80   10.47
L3  126.82  -2.79   11.07
L3  126.82  -1.79    7.15
L3  126.82  -0.80    6.84
L3  126.82   0.20    1.96
L3  126.82   1.20    2.38
L3  126.82   2.20    1.74
L3  126.82   3.20    0.96
L3  126.82   4.20    2.47
L3  126.82   5.20    4.09
L3  126.82   6.21    7.74
L3  126.82   7.21   10.56
L3  126.82   8.20   15.71
L3  126.82   9.20   16.74
L3  126.82  10.20   16.34
L3  126.82  11.20   22.34
L3  126.82  12.20   24.50
L3  126.82  13.20   23.57
L3  126.82  14.20   30.58
L3  126.82  15.21   30.83
L3  126.82  16.21   32.00
L3  126.82  17.20   34.03
L3  126.82  18.20   34.86
L3  126.82  19.20   36.23
L3  126.82  20.20   37.92
L3  126.82  21.20   38.68
L3  126.82  22.20   41.00
L3  126.82  23.20   39.10
L3  126.82  24.21   39.70
L3  126.82  25.21   40.27
L3  127.82 -20.79   44.67
L3  127.82 -19.79   49.75
L3  127.82 -18.80   37.90
L3  127.82 -17.80   47.00
L3  127.82 -16.80   38.25
L3  127.82 -15.80   33.81
L3  127.82 -14.80   28.45
L3  127.82 -13.80   32.25
L3  127.82 -12.80   26.58
L3  127.82 -11.79   17.77
L3  127.82 -10.79   17.65
L3  127.82  -9.80   20.87
L3  127.82  -8.80   14.12
L3  127.82  -7.80   13.22
L3  127.82  -6.80   12.48
L3  127.82  -5.80   11.65
L3  127.82  -4.80   10.93
L3  127.82  -3.80    8.72
L3  127.82  -2.79   11.04
L3  127.82  -1.79    9.63
L3  127.82  -0.80    5.54
L3  127.82   0.20    4.14
L3  127.82   2.20   -1.52
L3  127.82   3.20   -1.45
L3  127.82   4.20    4.33
L3  127.82   5.20    5.24
L3  127.82   6.21    6.78
L3  127.82   7.21   11.11
L3  127.82   8.20   11.38
L3  127.82   9.20   18.22
L3  127.82  10.20   17.73
L3  127.82  11.20   19.64
L3  127.82  12.20   24.06
L3  127.82  13.20   26.10
L3  127.82  14.20   28.36
L3  127.82  15.21   33.01
L3  127.82  16.21   33.66
L3  127.82  17.20   36.22
L3  127.82  18.20   38.30
L3  127.82  19.20   38.88
L3  127.82  20.20   36.53
L3  127.82  21.20   36.89
L3  127.82  22.20   40.67
L3  127.82  23.20   40.04
L3  127.82  24.21   42.62
L3  127.82  25.21   44.39
L3  128.82 -21.80   41.55
L3  128.82 -20.79   47.19
L3  128.82 -19.79   51.92
L3  128.82 -18.80   46.17
L3  128.82 -17.80   41.50
L3  128.82 -16.80   43.36
L3  128.82 -15.80   34.15
L3  128.82 -14.80   30.91
L3  128.82 -13.80   21.37
L3  128.82 -12.80   25.04
L3  128.82 -11.79   20.36
L3  128.82 -10.79   18.18
L3  128.82  -9.80   18.22
L3  128.82  -8.80   16.45
L3  128.82  -7.80   17.32
L3  128.82  -6.80   13.99
L3  128.82  -5.80   13.17
L3  128.82  -4.80    8.79
L3  128.82  -3.80   11.45
L3  128.82  -2.79   12.30
L3  128.82  -1.79    7.76
L3  128.82  -0.80    7.22
L3  128.82   0.20    6.73
L3  128.82   1.20    3.80
L3  128.82   3.20    0.81
L3  128.82   4.20    0.87
L3  128.82   5.20    5.55
L3  128.82   6.21    8.32
L3  128.82   7.21    9.75
L3  128.82   8.20    9.27
L3  128.82   9.20   11.45
L3  128.82  10.20   17.43
L3  128.82  11.20   19.88
L3  128.82  12.20   20.17
L3  128.82  13.20   29.19
L3  128.82  14.20   29.65
L3  128.82  15.21   33.67
L3  128.82  16.21   35.85
L3  128.82  17.20   34.83
L3  128.82  18.20   36.78
L3  128.82  19.20   38.13
L3  128.82  20.20   40.74
L3  128.82  21.20   39.82
L3  128.82  22.20   37.99
L3  128.82  23.20   39.73
L3  128.82  24.21   39.34
L3  128.82  25.21   39.57
L3  128.82  26.20   24.57
L3  129.82 -21.80   60.38
L3  129.82 -20.79   50.50
L3  129.82 -19.79   44.36
L3  129.82 -18.80   54.41
L3  129.82 -17.80   46.18
L3  129.82 -16.80   40.53
L3  129.82 -15.80   37.20
L3  129.82 -14.80   33.75
L3  129.82 -13.80   25.18
L3  129.82 -12.80   25.05
L3  129.82 -11.79   25.04
L3  129.82 -10.79   19.10
L3  129.82  -9.80   18.36
L3  129.82  -8.80   14.84
L3  129.82  -7.80   14.02
L3  129.82  -6.80   11.41
L3  129.82  -5.80    9.12
L3  129.82  -4.80   11.03
L3  129.82  -3.80    9.55
L3  129.82  -2.79    8.32
L3  129.82  -1.79    7.86
L3  129.82  -0.80    8.84
L3  129.82   0.20   12.17
L3  129.82   1.20    7.98
L3  129.82   2.20    4.23
L3  129.82   3.20    1.21
L3  129.82   4.20    4.87
L3  129.82   5.20    7.49
L3  129.82   6.21    7.37
L3  129.82   7.21    9.80
L3  129.82   8.20    8.89
L3  129.82   9.20   10.77
L3  129.82  10.20   16.95
L3  129.82  11.20   17.04
L3  129.82  12.20   20.33
L3  129.82  13.20   22.55
L3  129.82  14.20   25.91
L3  129.82  15.21   30.58
L3  129.82  16.21   32.05
L3  129.82  17.20   34.71
L3  129.82  18.20   41.06
L3  129.82  19.20   41.27
L3  129.82  20.20   40.11
L3  129.82  21.20   40.28
L3  129.82  22.20   43.56
L3  129.82  23.20   41.80
L3  129.82  24.21   40.87
L3  129.82  25.21   42.47
L3  129.82  26.20   38.12
L3  130.82 -21.80   59.39
L3  130.82 -20.79   52.85
L3  130.82 -19.79   46.71
L3  130.82 -18.80   49.87
L3  130.82 -17.80   45.95
L3  130.82 -16.80   40.50
L3  130.82 -15.80   37.35
L3  130.82 -14.80   30.31
L3  130.82 -13.80   30.84
L3  130.82 -12.80   23.11
L3  130.82 -11.79   19.43
L3  130.82 -10.79   18.35
L3  130.82  -9.80   14.70
L3  130.82  -8.80   15.23
L3  130.82  -7.80   12.96
L3  130.82  -6.80   12.97
L3  130.82  -5.80   13.03
L3  130.82  -4.80   10.09
L3  130.82  -3.80    9.51
L3  130.82  -2.79   11.74
L3  130.82  -1.79    8.14
L3  130.82  -0.80   11.63
L3  130.82   0.20    7.87
L3  130.82   1.20    8.83
L3  130.82   2.20    5.93
L3  130.82   3.20    4.48
L3  130.82   4.20    5.23
L3  130.82   5.20    6.54
L3  130.82   6.21   10.48
L3  130.82   7.21    9.96
L3  130.82   8.20   10.60
L3  130.82   9.20   14.19
L3  130.82  10.20   13.55
L3  130.82  11.20   17.75
L3  130.82  12.20   20.27
L3  130.82  13.20   23.85
L3  130.82  14.20   27.23
L3  130.82  15.21   31.81
L3  130.82  16.21   33.86
L3  130.82  17.20   34.06
L3  130.82  18.20   38.55
L3  130.82  19.20   40.50
L3  130.82  20.20   41.32
L3  130.82  21.20   41.01
L3  130.82  22.20   42.28
L3  130.82  23.20   44.04
L3  130.82  24.21   42.45
L3  130.82  25.21   41.97
L3  130.82  26.20   42.35
L3  131.81 -21.80   57.70
L3  131.81 -20.79   49.66
L3  131.81 -19.79   53.26
L3  131.81 -18.80   44.20
L3  131.81 -17.80   39.58
L3  131.81 -16.80   46.00
L3  131.81 -15.80   36.13
L3  131.81 -14.80   29.75
L3  131.81 -13.80   28.30
L3  131.81 -12.80   23.52
L3  131.81 -11.79   19.53
L3  131.81 -10.79   16.39
L3  131.81  -9.80   17.83
L3  131.81  -8.80   13.12
L3  131.81  -7.80   14.08
L3  131.81  -6.80   15.99
L3  131.81  -5.80   10.71
L3  131.81  -4.80   10.85
L3  131.81  -3.80    8.92
L3  131.81  -2.79    9.58
L3  131.81  -1.79   10.09
L3  131.81  -0.80    9.76
L3  131.81   0.20    7.97
L3  131.81   1.20    9.66
L3  131.81   2.20    9.11
L3  131.81   3.20    8.26
L3  131.81   4.20    2.66
L3  131.81   5.20    5.56
L3  131.81   6.21    5.54
L3  131.81   7.21    7.07
L3  131.81   8.20   12.67
L3  131.81   9.20   13.80
L3  131.81  10.20   16.55
L3  131.81  11.20   18.08
L3  131.81  12.20   21.46
L3  131.81  13.20   21.97
L3  131.81  14.20   26.24
L3  131.81  15.21   30.82
L3  131.81  16.21   36.97
L3  131.81  17.20   36.84
L3  131.81  18.20   36.21
L3  131.81  19.20   39.54
L3  131.81  20.20   43.31
L3  131.81  21.20   42.64
L3  131.81  22.20   45.47
L3  131.81  23.20   45.42
L3  131.81  24.21   44.13
L3  131.81  25.21   46.53
L3  131.81  26.20   47.10
L3  132.82 -21.80   51.31
L3  132.82 -20.79   58.08
L3  132.82 -19.79   49.75
L3  132.82 -18.80   50.07
L3  132.82 -17.80   40.54
L3  132.82 -16.80   42.79
L3  132.82 -15.80   37.74
L3  132.82 -14.80   31.47
L3  132.82 -13.80   24.53
L3  132.82 -12.80   21.04
L3  132.82 -11.79   23.43
L3  132.82 -10.79   21.15
L3  132.82  -9.80   17.43
L3  132.82  -8.80   15.05
L3  132.82  -7.80   16.01
L3  132.82  -6.80   12.56
L3  132.82  -5.80   11.67
L3  132.82  -4.80   10.72
L3  132.82  -3.80    7.52
L3  132.82  -2.79   10.34
L3  132.82  -1.79    9.94
L3  132.82  -0.80    9.80
L3  132.82   0.20    9.84
L3  132.82   1.20    9.71
L3  132.82   2.20    9.19
L3  132.82   3.20    5.23
L3  132.82   4.20    4.00
L3  132.82   5.20    6.00
L3  132.82   6.21   10.94
L3  132.82   7.21    8.41
L3  132.82   8.20   10.72
L3  132.82   9.20   13.51
L3  132.82  10.20   13.79
L3  132.82  11.20   18.82
L3  132.82  12.20   20.22
L3  132.82  13.20   22.38
L3  132.82  14.20   27.05
L3  132.82  15.21   31.35
L3  132.82  16.21   35.84
L3  132.82  17.20   38.41
L3  132.82  18.20   37.47
L3  132.82  19.20   45.20
L3  132.82  20.20   48.11
L3  132.82  21.20   49.68
L3  132.82  22.20   46.00
L3  132.82  23.20   46.36
L3  132.82  24.21   47.79
L3  132.82  25.21   46.99
L3  132.82  26.20   45.56
L3  133.82 -21.80   50.72
L3  133.82 -20.79   53.55
L3  133.82 -19.79   50.72
L3  133.82 -18.80   45.37
L3  133.82 -17.80   47.89
L3  133.82 -16.80   46.02
L3  133.82 -15.80   37.50
L3  133.82 -14.80   32.61
L3  133.82 -13.80   26.24
L3  133.82 -12.80   25.36
L3  133.82 -11.79   20.72
L3  133.82 -10.79   24.58
L3  133.82  -9.80   17.75
L3  133.82  -8.80   15.24
L3  133.82  -7.80   14.53
L3  133.82  -6.80   11.14
L3  133.82  -5.80   12.72
L3  133.82  -4.80   11.71
L3  133.82  -3.80   10.10
L3  133.82  -2.79   10.85
L3  133.82  -1.79   12.80
L3  133.82  -0.80    9.61
L3  133.82   0.20   10.62
L3  133.82   1.20   13.31
L3  133.82   2.20   12.01
L3  133.82   3.20    8.09
L3  133.82   4.20    7.03
L3  133.82   5.20    9.67
L3  133.82   6.21    6.69
L3  133.82   7.21    9.60
L3  133.82   8.20    9.62
L3  133.82   9.20    7.93
L3  133.82  10.20   11.05
L3  133.82  11.20   17.18
L3  133.82  12.20   24.32
L3  133.82  13.20   32.83
L3  133.82  14.20   36.97
L3  133.82  15.21   40.80
L3  133.82  16.21   45.34
L3  133.82  17.20   45.37
L3  133.82  18.20   48.13
L3  133.82  19.20   49.41
L3  133.82  20.20   46.16
L3  133.82  21.20   48.68
L3  133.82  22.20   47.50
L3  133.82  23.20   50.59
L3  133.82  24.21   50.71
L3  133.82  25.21   46.24
L3  133.82  26.20   44.61
L3  134.82 -21.80   41.40
L3  134.82 -20.79   56.83
L3  134.82 -19.79   55.00
L3  134.82 -18.80   51.89
L3  134.82 -17.80   50.21
L3  134.82 -16.80   52.55
L3  134.82 -15.80   43.42
L3  134.82 -14.80   34.93
L3  134.82 -13.80   33.93
L3  134.82 -12.80   23.95
L3  134.82 -11.79   24.28
L3  134.82 -10.79   24.79
L3  134.82  -9.80   17.04
L3  134.82  -8.80   15.84
L3  134.82  -7.80   14.08
L3  134.82  -6.80   11.85
L3  134.82  -5.80   13.44
L3  134.82  -4.80   10.07
L3  134.82  -3.80    9.47
L3  134.82  -2.79    7.80
L3  134.82  -1.79    6.87
L3  134.82  -0.80   11.83
L3  134.82   0.20   10.28
L3  134.82   1.20   13.61
L3  134.82   2.20   10.10
L3  134.82   3.20    6.29
L3  134.82   4.20    4.09
L3  134.82   5.20    5.33
L3  134.82   6.21    7.71
L3  134.82   7.21    6.45
L3  134.82   8.20    5.70
L3  134.82   9.20   10.28
L3  134.82  10.20   20.65
L3  134.82  11.20   24.40
L3  134.82  12.20   25.84
L3  134.82  13.20   30.49
L3  134.82  14.20   37.15
L3  134.82  15.21   39.13
L3  134.82  16.21   43.69
L3  134.82  17.20   44.12
L3  134.82  18.20   48.10
L3  134.82  19.20   45.41
L3  134.82  20.20   49.88
L3  134.82  21.20   47.20
L3  134.82  22.20   49.25
L3  134.82  23.20   48.10
L3  134.82  24.21   46.85
L3  134.82  25.21   46.73
L3  134.82  26.20   45.24
L3  134.82  27.20   38.71
L3  135.82 -20.79   65.30
L3  135.82 -19.79   62.78
L3  135.82 -18.80   56.95
L3  135.82 -17.80   55.09
L3  135.82 -16.80   47.12
L3  135.82 -15.80   44.66
L3  135.82 -14.80   37.29
L3  135.82 -13.80   35.27
L3  135.82 -12.80   26.11
L3  135.82 -11.79   26.04
L3  135.82 -10.79   18.66
L3  135.82  -9.80   17.70
L3  135.82  -8.80   16.29
L3  135.82  -7.80   12.71
L3  135.82  -6.80    9.70
L3  135.82  -5.80    7.33
L3  135.82  -4.80    8.07
L3  135.82  -3.80    7.83
L3  135.82  -2.79    8.93
L3  135.82  -1.79   12.29
L3  135.82  -0.80   12.57
L3  135.82   0.20   12.74
L3  135.82   1.20   10.45
L3  135.82   2.20   13.45
L3  135.82   3.20    3.52
L3  135.82   4.20    3.62
L3  135.82   5.20    5.40
L3  135.82   6.21   12.06
L3  135.82   7.21   17.43
L3  135.82   8.20   10.33
L3  135.82   9.20   13.87
L3  135.82  10.20   17.77
L3  135.82  11.20   25.41
L3  135.82  12.20   22.23
L3  135.82  13.20   26.74
L3  135.82  14.20   33.43
L3  135.82  15.21   37.61
L3  135.82  16.21   42.62
L3  135.82  17.20   43.22
L3  135.82  18.20   44.72
L3  135.82  19.20   48.83
L3  135.82  20.20   50.24
L3  135.82  21.20   50.42
L3  135.82  22.20   51.86
L3  135.82  23.20   51.88
L3  135.82  24.21   50.42
L3  135.82  25.21   49.08
L3  135.82  26.20   46.67
L3  135.82  27.20   41.47
L3  136.82 -20.79   64.80
L3  136.82 -19.79   59.52
L3  136.82 -18.80   56.45
L3  136.82 -17.80   57.91
L3  136.82 -16.80   53.72
L3  136.82 -15.80   44.56
L3  136.82 -14.80   41.80
L3  136.82 -13.80   36.40
L3  136.82 -12.80   30.27
L3  136.82 -11.79   23.04
L3  136.82 -10.79   22.53
L3  136.82  -9.80   18.12
L3  136.82  -8.80   15.46
L3  136.82  -7.80   14.67
L3  136.82  -6.80   11.29
L3  136.82  -5.80    7.61
L3  136.82  -4.80    9.12
L3  136.82  -3.80    9.82
L3  136.82  -2.79    8.27
L3  136.82  -1.79   10.91
L3  136.82  -0.80    7.70
L3  136.82   0.20   10.62
L3  136.82   1.20   11.42
L3  136.82   2.20   10.24
L3  136.82   3.20    7.79
L3  136.82   4.20    5.60
L3  136.82   5.20    7.99
L3  136.82   6.21    5.69
L3  136.82   7.21   10.08
L3  136.82   8.20    9.54
L3  136.82   9.20   14.24
L3  136.82  10.20   22.25
L3  136.82  11.20   29.57
L3  136.82  12.20   28.52
L3  136.82  13.20   30.67
L3  136.82  14.20   41.59
L3  136.82  15.21   43.07
L3  136.82  16.21   43.04
L3  136.82  17.20   43.34
L3  136.82  18.20   45.22
L3  136.82  19.20   51.00
L3  136.82  20.20   51.51
L3  136.82  21.20   52.80
L3  136.82  22.20   51.58
L3  136.82  23.20   52.02
L3  136.82  24.21   48.95
L3  136.82  25.21   49.21
L3  136.82  26.20   48.15
L3  136.82  27.20   45.90
L3  137.82 -20.79   59.01
L3  137.82 -19.79   64.25
L3  137.82 -18.80   57.66
L3  137.82 -17.80   69.72
L3  137.82 -16.80   55.54
L3  137.82 -15.80   48.55
L3  137.82 -14.80   50.24
L3  137.82 -13.80   35.87
L3  137.82 -12.80   33.62
L3  137.82 -11.79   32.70
L3  137.82 -10.79   22.01
L3  137.82  -9.80   20.82
L3  137.82  -8.80   15.47
L3  137.82  -7.80   12.78
L3  137.82  -6.80   10.81
L3  137.82  -5.80   10.62
L3  137.82  -4.80    9.28
L3  137.82  -3.80   11.17
L3  137.82  -2.79    9.74
L3  137.82  -1.79   12.01
L3  137.82  -0.80    9.16
L3  137.82   0.20   11.05
L3  137.82   1.20   13.78
L3  137.82   2.20   10.07
L3  137.82   3.20    6.19
L3  137.82   4.20    5.32
L3  137.82   5.20    2.61
L3  137.82   6.21    6.74
L3  137.82   7.21   16.23
L3  137.82   8.20    9.21
L3  137.82   9.20   14.02
L3  137.82  10.20   19.55
L3  137.82  11.20   25.81
L3  137.82  12.20   26.72
L3  137.82  13.20   30.06
L3  137.82  14.20   37.95
L3  137.82  15.21   45.00
L3  137.82  16.21   44.85
L3  137.82  17.20   46.66
L3  137.82  18.20   47.93
L3  137.82  19.20   49.88
L3  137.82  20.20   50.38
L3  137.82  21.20   50.02
L3  137.82  22.20   51.74
L3  137.82  23.20   53.00
L3  137.82  24.21   50.74
L3  137.82  25.21   47.93
L3  137.82  26.20   48.31
L3  137.82  27.20   44.60
L3  138.82 -19.79   66.66
L3  138.82 -18.80   67.39
L3  138.82 -17.80   59.29
L3  138.82 -16.80   56.98
L3  138.82 -15.80   51.39
L3  138.82 -14.80   53.59
L3  138.82 -13.80   42.27
L3  138.82 -12.80   40.35
L3  138.82 -11.79   32.13
L3  138.82 -10.79   21.50
L3  138.82  -9.80   23.38
L3  138.82  -8.80   15.47
L3  138.82  -7.80   13.07
L3  138.82  -6.80   14.35
L3  138.82  -5.80   20.08
L3  138.82  -4.80   11.27
L3  138.82  -3.80    8.21
L3  138.82  -2.79   12.14
L3  138.82  -1.79   10.69
L3  138.82  -0.80    9.30
L3  138.82   0.20   11.64
L3  138.82   1.20   11.40
L3  138.82   2.20   10.19
L3  138.82   3.20    9.72
L3  138.82   4.20    8.24
L3  138.82   5.20    0.45
L3  138.82   6.21    4.48
L3  138.82   7.21    3.64
L3  138.82   8.20    9.43
L3  138.82   9.20   11.80
L3  138.82  10.20   22.50
L3  138.82  11.20   32.90
L3  138.82  12.20   34.76
L3  138.82  13.20   32.95
L3  138.82  14.20   36.63
L3  138.82  15.21   43.66
L3  138.82  16.21   46.71
L3  138.82  17.20   50.62
L3  138.82  18.20   53.36
L3  138.82  19.20   51.39
L3  138.82  20.20   54.98
L3  138.82  21.20   52.31
L3  138.82  22.20   50.78
L3  138.82  23.20   51.06
L3  138.82  24.21   53.08
L3  138.82  25.21   48.02
L3  138.82  26.20   49.39
L3  138.82  27.20   44.36
L3  139.82 -19.79   66.05
L3  139.82 -18.80   63.41
L3  139.82 -17.80   59.98
L3  139.82 -16.80   59.08
L3  139.82 -15.80   51.25
L3  139.82 -14.80   53.76
L3  139.82 -13.80   40.49
L3  139.82 -12.80   33.09
L3  139.82 -11.79   28.52
L3  139.82 -10.79   25.92
L3  139.82  -9.80   22.62
L3  139.82  -8.80   18.92
L3  139.82  -7.80   17.68
L3  139.82  -6.80   17.85
L3  139.82  -5.80   15.57
L3  139.82  -4.80   13.99
L3  139.82  -3.80   12.11
L3  139.82  -2.79   11.99
L3  139.82  -1.79   13.71
L3  139.82  -0.80   11.92
L3  139.82   0.20   13.53
L3  139.82   1.20   11.84
L3  139.82   2.20    6.69
L3  139.82   3.20   10.53
L3  139.82   4.20    5.73
L3  139.82   5.20    5.90
L3  139.82   6.21    5.74
L3  139.82   7.21    5.48
L3  139.82   8.20    9.28
L3  139.82   9.20   16.47
L3  139.82  10.20   20.80
L3  139.82  11.20   31.30
L3  139.82  12.20   33.19
L3  139.82  13.20   36.10
L3  139.82  14.20   44.07
L3  139.82  15.21   54.52
L3  139.82  16.21   54.41
L3  139.82  17.20   55.73
L3  139.82  18.20   55.82
L3  139.82  19.20   58.06
L3  139.82  20.20   56.58
L3  139.82  21.20   56.10
L3  139.82  22.20   53.64
L3  139.82  23.20   50.33
L3  139.82  24.21   52.25
L3  139.82  25.21   51.41
L3  139.82  26.20   48.42
L3  139.82  27.20   49.26
L3  140.81 -19.79   67.96
L3  140.81 -18.80   69.18
L3  140.81 -17.80   65.24
L3  140.81 -16.80   59.55
L3  140.81 -15.80   54.98
L3  140.81 -14.80   53.45
L3  140.81 -13.80   41.07
L3  140.81 -12.80   39.17
L3  140.81 -11.79   35.17
L3  140.81 -10.79   30.06
L3  140.81  -9.80   34.51
L3  140.81  -8.80   24.08
L3  140.81  -7.80   20.73
L3  140.81  -6.80   19.11
L3  140.81  -5.80   16.08
L3  140.81  -4.80   16.50
L3  140.81  -3.80   15.59
L3  140.81  -2.79   10.46
L3  140.81  -1.79   15.38
L3  140.81  -0.80   16.93
L3  140.81   0.20   17.35
L3  140.81   1.20   13.29
L3  140.81   2.20   10.71
L3  140.81   3.20   10.13
L3  140.81   4.20   11.45
L3  140.81   5.20   10.29
L3  140.81   6.21    6.17
L3  140.81   7.21   -0.40
L3  140.81   8.20    1.25
L3  140.81   9.20   13.37
L3  140.81  10.20   25.47
L3  140.81  11.20   28.03
L3  140.81  12.20   31.10
L3  140.81  13.20   44.57
L3  140.81  14.20   51.92
L3  140.81  15.21   49.77
L3  140.81  16.21   56.60
L3  140.81  17.20   56.73
L3  140.81  18.20   58.93
L3  140.81  19.20   60.48
L3  140.81  20.20   57.25
L3  140.81  21.20   57.08
L3  140.81  22.20   54.17
L3  140.81  23.20   54.24
L3  140.81  24.21   51.14
L3  140.81  25.21   51.93
L3  140.81  26.20   45.65
L3  140.81  27.20   46.35
L3  140.81  28.20   50.51
L3  140.81  29.20   62.91
L3  141.82 -19.79   58.54
L3  141.82 -18.80   66.27
L3  141.82 -17.80   69.92
L3  141.82 -16.80   60.64
L3  141.82 -15.80   63.89
L3  141.82 -14.80   55.84
L3  141.82 -13.80   50.40
L3  141.82 -12.80   45.83
L3  141.82 -11.79   37.59
L3  141.82 -10.79   31.75
L3  141.82  -9.80   30.46
L3  141.82  -8.80   24.82
L3  141.82  -7.80   23.61
L3  141.82  -6.80   18.04
L3  141.82  -5.80   19.66
L3  141.82  -4.80   20.66
L3  141.82  -3.80   16.98
L3  141.82  -2.79   14.66
L3  141.82  -1.79   17.44
L3  141.82  -0.80   19.36
L3  141.82   0.20   18.49
L3  141.82   1.20   19.98
L3  141.82   2.20    8.60
L3  141.82   3.20    9.41
L3  141.82   4.20    8.00
L3  141.82   5.20   11.16
L3  141.82   6.21    3.04
L3  141.82   7.21    2.73
L3  141.82   8.20    7.08
L3  141.82   9.20   23.63
L3  141.82  10.20   26.36
L3  141.82  11.20   37.03
L3  141.82  12.20   43.82
L3  141.82  13.20   53.78
L3  141.82  14.20   61.74
L3  141.82  15.21   61.18
L3  141.82  16.21   68.53
L3  141.82  17.20   67.44
L3  141.82  18.20   66.93
L3  141.82  19.20   64.03
L3  141.82  20.20   63.51
L3  141.82  21.20   60.32
L3  141.82  22.20   58.43
L3  141.82  23.20   54.54
L3  141.82  24.21   53.49
L3  141.82  25.21   53.44
L3  141.82  26.20   44.90
L3  141.82  27.20   44.26
L3  141.82  28.20   49.65
L3  141.82  29.20   53.29
L3  141.82  30.20   45.15
L3  141.82  31.20   42.35
L3  141.82  32.20   41.63
L3  141.82  33.21   26.35
L3  142.82 -18.80   65.95
L3  142.82 -17.80   72.66
L3  142.82 -16.80   66.48
L3  142.82 -15.80   61.08
L3  142.82 -14.80   63.28
L3  142.82 -13.80   49.74
L3  142.82 -12.80   45.94
L3  142.82 -11.79   39.19
L3  142.82 -10.79   38.56
L3  142.82  -9.80   31.16
L3  142.82  -8.80   26.65
L3  142.82  -7.80   26.95
L3  142.82  -6.80   24.75
L3  142.82  -5.80   21.50
L3  142.82  -4.80   24.09
L3  142.82  -3.80   25.88
L3  142.82  -2.79   18.58
L3  142.82  -1.79   18.46
L3  142.82  -0.80   18.13
L3  142.82   0.20   18.64
L3  142.82   1.20   16.84
L3  142.82   2.20   12.82
L3  142.82   3.20    8.72
L3  142.82   4.20    5.89
L3  142.82   5.20    5.90
L3  142.82   6.21   -0.40
L3  142.82   7.21    1.23
L3  142.82   8.20    5.08
L3  142.82   9.20   14.06
L3  142.82  10.20   31.23
L3  142.82  11.20   49.29
L3  142.82  12.20   51.37
L3  142.82  13.20   69.50
L3  142.82  14.20   74.34
L3  142.82  15.21   72.52
L3  142.82  16.21   77.80
L3  142.82  17.20   75.10
L3  142.82  18.20   72.53
L3  142.82  19.20   70.32
L3  142.82  20.20   69.23
L3  142.82  21.20   62.90
L3  142.82  22.20   59.47
L3  142.82  23.20   57.05
L3  142.82  24.21   50.74
L3  142.82  25.21   50.20
L3  142.82  26.20   48.25
L3  142.82  27.20   44.82
L3  142.82  28.20   43.64
L3  142.82  29.20   38.49
L3  142.82  30.20   29.39
L3  142.82  31.20   34.84
L3  142.82  32.20   24.92
L3  142.82  33.21   27.92
L3  142.82  34.21   18.55
L3  142.82  35.20   36.31
L3  142.82  36.20   19.31
L3  142.82  37.20    8.49
L3  143.82 -18.80   67.36
L3  143.82 -17.80   77.28
L3  143.82 -16.80   64.84
L3  143.82 -15.80   81.78
L3  143.82 -14.80   58.57
L3  143.82 -13.80   56.35
L3  143.82 -12.80   48.74
L3  143.82 -11.79   50.09
L3  143.82 -10.79   43.86
L3  143.82  -9.80   35.90
L3  143.82  -8.80   34.56
L3  143.82  -7.80   27.79
L3  143.82  -6.80   28.02
L3  143.82  -5.80   26.22
L3  143.82  -4.80   24.42
L3  143.82  -3.80   23.01
L3  143.82  -2.79   24.86
L3  143.82  -1.79   21.84
L3  143.82  -0.80   23.85
L3  143.82   0.20   21.51
L3  143.82   1.20   17.26
L3  143.82   2.20   12.98
L3  143.82   3.20   10.27
L3  143.82   4.20    5.03
L3  143.82   5.20   -1.90
L3  143.82   7.21   -3.81
L3  143.82   8.20   -0.89
L3  143.82   9.20   15.62
L3  143.82  10.20   30.49
L3  143.82  11.20   52.05
L3  143.82  12.20   56.99
L3  143.82  13.20   75.78
L3  143.82  14.20   84.58
L3  143.82  15.21   82.10
L3  143.82  16.21   86.43
L3  143.82  17.20   83.28
L3  143.82  18.20   80.28
L3  143.82  19.20   76.00
L3  143.82  20.20   72.57
L3  143.82  21.20   67.16
L3  143.82  22.20   59.96
L3  143.82  23.20   53.77
L3  143.82  24.21   53.49
L3  143.82  25.21   49.35
L3  143.82  26.20   48.74
L3  143.82  27.20   44.10
L3  143.82  28.20   40.35
L3  143.82  29.20   31.15
L3  143.82  30.20   23.85
L3  143.82  31.20   22.63
L3  143.82  32.20   18.98
L3  143.82  33.21   26.11
L3  143.82  34.21   30.66
L3  143.82  35.20   21.18
L3  143.82  36.20   25.27
L3  143.82  37.20   21.38
L3  143.82  38.20   13.21
L3  143.82  39.20   11.26
L3  143.82  40.20    9.39
L3  144.82 -18.80   67.49
L3  144.82 -17.80   73.84
L3  144.82 -16.80   87.18
L3  144.82 -15.80   66.41
L3  144.82 -14.80   73.12
L3  144.82 -13.80   68.07
L3  144.82 -12.80   56.25
L3  144.82 -11.79   54.89
L3  144.82 -10.79   48.08
L3  144.82  -9.80   49.28
L3  144.82  -8.80   38.10
L3  144.82  -7.80   37.05
L3  144.82  -6.80   32.80
L3  144.82  -5.80   33.92
L3  144.82  -4.80   28.33
L3  144.82  -3.80   27.98
L3  144.82  -2.79   28.08
L3  144.82  -1.79   25.55
L3  144.82  -0.80   24.55
L3  144.82   0.20   23.81
L3  144.82   1.20   19.27
L3  144.82   2.20   26.12
L3  144.82   3.20   17.85
L3  144.82   4.20    6.40
L3  144.82   6.21   -3.62
L3  144.82   7.21   -6.38
L3  144.82   8.20    9.43
L3  144.82   9.20   26.68
L3  144.82  10.20   40.84
L3  144.82  11.20   66.73
L3  144.82  12.20   72.47
L3  144.82  13.20   74.71
L3  144.82  14.20   85.46
L3  144.82  15.21   91.62
L3  144.82  16.21   95.11
L3  144.82  17.20   92.92
L3  144.82  18.20   89.11
L3  144.82  19.20   84.93
L3  144.82  20.20   77.39
L3  144.82  21.20   71.30
L3  144.82  22.20   67.42
L3  144.82  23.20   54.60
L3  144.82  24.21   53.00
L3  144.82  25.21   46.96
L3  144.82  26.20   46.06
L3  144.82  27.20   43.99
L3  144.82  28.20   40.86
L3  144.82  29.20   24.27
L3  144.82  30.20   22.47
L3  144.82  31.20   19.72
L3  144.82  32.20   16.23
L3  144.82  33.21   13.84
L3  144.82  34.21   18.83
L3  144.82  35.20   15.32
L3  144.82  36.20   11.49
L3  144.82  37.20   12.58
L3  144.82  38.20   11.85
L3  144.82  39.20   12.09
L3  144.82  40.20   16.43
L3  144.82  41.20   15.54
L3  144.82  42.21   14.22
L3  144.82  43.21   10.46
L3  144.82  44.20    6.21
L3  145.82 -17.80   74.96
L3  145.82 -16.80   72.20
L3  145.82 -15.80   72.45
L3  145.82 -14.80   63.72
L3  145.82 -13.80   71.52
L3  145.82 -12.80   65.22
L3  145.82 -11.79   55.88
L3  145.82 -10.79   59.70
L3  145.82  -9.80   49.38
L3  145.82  -8.80   47.94
L3  145.82  -7.80   38.32
L3  145.82  -6.80   36.04
L3  145.82  -5.80   32.48
L3  145.82  -4.80   27.99
L3  145.82  -3.80   29.55
L3  145.82  -2.79   31.99
L3  145.82  -1.79   26.92
L3  145.82  -0.80   27.25
L3  145.82   0.20   32.11
L3  145.82   1.20   31.10
L3  145.82   2.20   25.75
L3  145.82   3.20   14.16
L3  145.82   4.20    9.97
L3  145.82   5.20    4.70
L3  145.82   6.21  -10.95
L3  145.82   7.21    3.65
L3  145.82   8.20   12.31
L3  145.82   9.20   34.47
L3  145.82  10.20   54.88
L3  145.82  11.20   90.31
L3  145.82  12.20   96.75
L3  145.82  13.20   96.79
L3  145.82  14.20  105.69
L3  145.82  15.21  108.10
L3  145.82  16.21  102.12
L3  145.82  17.20  103.06
L3  145.82  18.20   95.49
L3  145.82  19.20   89.10
L3  145.82  20.20   80.10
L3  145.82  21.20   67.96
L3  145.82  22.20   60.02
L3  145.82  23.20   54.10
L3  145.82  24.21   48.14
L3  145.82  25.21   49.72
L3  145.82  26.20   44.22
L3  145.82  27.20   40.59
L3  145.82  28.20   30.37
L3  145.82  29.20   21.37
L3  145.82  30.20   18.37
L3  145.82  31.20   14.84
L3  145.82  32.20   16.05
L3  145.82  33.21   15.34
L3  145.82  34.21   11.58
L3  145.82  35.20   11.65
L3  145.82  36.20   18.24
L3  145.82  37.20   10.59
L3  145.82  38.20    8.38
L3  145.82  39.20   14.22
L3  145.82  40.20   11.69
L3  145.82  41.20    9.60
L3  145.82  42.21   20.89
L3  145.82  43.21   12.59
L3  145.82  44.20   14.91
L3  145.82  45.20   18.85
L3  145.82  46.20   15.52
L3  145.82  47.20   10.21
L3  145.82  48.20    4.61
L3  146.82 -17.80   74.91
L3  146.82 -16.80   83.43
L3  146.82 -15.80   72.86
L3  146.82 -14.80   71.68
L3  146.82 -13.80   78.53
L3  146.82 -12.80   76.44
L3  146.82 -11.79   69.75
L3  146.82 -10.79   61.16
L3  146.82  -9.80   55.74
L3  146.82  -8.80   56.75
L3  146.82  -7.80   47.52
L3  146.82  -6.80   42.94
L3  146.82  -5.80   37.52
L3  146.82  -4.80   35.29
L3  146.82  -3.80   35.09
L3  146.82  -2.79   34.94
L3  146.82  -1.79   31.22
L3  146.82  -0.80   31.67
L3  146.82   0.20   31.23
L3  146.82   1.20   31.53
L3  146.82   2.20   28.32
L3  146.82   3.20   17.40
L3  146.82   4.20    5.88
L3  146.82   5.20    1.81
L3  146.82   6.21  -24.63
L3  146.82   7.21   -1.61
L3  146.82   8.20   17.21
L3  146.82   9.20   48.50
L3  146.82  10.20   77.68
L3  146.82  11.20   93.68
L3  146.82  12.20  108.61
L3  146.82  13.20  112.70
L3  146.82  14.20  118.25
L3  146.82  15.21  117.32
L3  146.82  16.21  121.23
L3  146.82  17.20  108.28
L3  146.82  18.20   97.29
L3  146.82  19.20   90.49
L3  146.82  20.20   79.88
L3  146.82  21.20   63.97
L3  146.82  22.20   56.47
L3  146.82  23.20   52.65
L3  146.82  24.21   49.45
L3  146.82  25.21   49.18
L3  146.82  26.20   43.44
L3  146.82  27.20   41.83
L3  146.82  28.20   21.04
L3  146.82  29.20   15.74
L3  146.82  30.20   14.47
L3  146.82  31.20   17.15
L3  146.82  32.20   16.24
L3  146.82  33.21   12.89
L3  146.82  34.21   12.62
L3  146.82  35.20   10.44
L3  146.82  36.20   15.40
L3  146.82  37.20   10.18
L3  146.82  38.20   14.32
L3  146.82  39.20    7.38
L3  146.82  40.20   12.06
L3  146.82  41.20    9.93
L3  146.82  42.21   12.75
L3  146.82  43.21   11.46
L3  146.82  44.20   11.53
L3  146.82  45.20   20.32
L3  146.82  46.20   11.82
L3  146.82  47.20   15.64
L3  146.82  48.20   24.14
L3  146.82  49.20   22.33
L3  147.82 -17.80   66.36
L3  147.82 -16.80   75.97
L3  147.82 -15.80   71.74
L3  147.82 -14.80   77.19
L3  147.82 -13.80   79.14
L3  147.82 -12.80   81.42
L3  147.82 -11.79   72.86
L3  147.82 -10.79   75.40
L3  147.82  -9.80   66.35
L3  147.82  -8.80   64.05
L3  147.82  -7.80   58.75
L3  147.82  -6.80   52.01
L3  147.82  -5.80   46.78
L3  147.82  -4.80   38.27
L3  147.82  -3.80   41.38
L3  147.82  -2.79   39.93
L3  147.82  -1.79   43.29
L3  147.82  -0.80   34.84
L3  147.82   0.20   36.52
L3  147.82   1.20   39.46
L3  147.82   2.20   35.19
L3  147.82   3.20   28.74
L3  147.82   4.20   15.00
L3  147.82   5.20   -6.85
L3  147.82   6.21  -19.01
L3  147.82   7.21  -25.88
L3  147.82   8.20    1.82
L3  147.82   9.20   46.74
L3  147.82  10.20   99.54
L3  147.82  11.20  117.24
L3  147.82  12.20  128.19
L3  147.82  13.20  131.55
L3  147.82  14.20  131.16
L3  147.82  15.21  141.08
L3  147.82  16.21  136.57
L3  147.82  17.20  117.36
L3  147.82  18.20  100.27
L3  147.82  19.20   89.95
L3  147.82  20.20   80.84
L3  147.82  21.20   68.37
L3  147.82  22.20   59.36
L3  147.82  23.20   53.97
L3  147.82  24.21   50.74
L3  147.82  25.21   51.16
L3  147.82  26.20   47.32
L3  147.82  27.20   30.67
L3  147.82  28.20   19.73
L3  147.82  29.20   17.65
L3  147.82  30.20   15.16
L3  147.82  31.20   14.06
L3  147.82  32.20   15.08
L3  147.82  33.21   13.78
L3  147.82  34.21   11.04
L3  147.82  35.20   13.08
L3  147.82  36.20   10.16
L3  147.82  37.20   12.86
L3  147.82  38.20   12.64
L3  147.82  39.20    7.68
L3  147.82  40.20   11.18
L3  147.82  41.20   11.86
L3  147.82  42.21   10.40
L3  147.82  43.21    7.45
L3  147.82  44.20    8.79
L3  147.82  45.20   11.08
L3  147.82  46.20   11.24
L3  147.82  47.20    8.50
L3  147.82  48.20   11.33
L3  147.82  49.20   14.22
L3  147.82  50.20   10.36
L3  148.82 -16.80   79.70
L3  148.82 -15.80   83.58
L3  148.82 -14.80   73.08
L3  148.82 -13.80   72.98
L3  148.82 -12.80   81.01
L3  148.82 -11.79   78.78
L3  148.82 -10.79   75.34
L3  148.82  -9.80   77.66
L3  148.82  -8.80   68.38
L3  148.82  -7.80   69.36
L3  148.82  -6.80   61.61
L3  148.82  -5.80   56.12
L3  148.82  -4.80   50.78
L3  148.82  -3.80   49.41
L3  148.82  -2.79   49.11
L3  148.82  -1.79   42.13
L3  148.82  -0.80   41.38
L3  148.82   0.20   43.24
L3  148.82   1.20   41.55
L3  148.82   2.20   34.75
L3  148.82   3.20   23.10
L3  148.82   4.20   20.08
L3  148.82   5.20   -2.01
L3  148.82   6.21   -9.21
L3  148.82   7.21   -7.61
L3  148.82   8.20    6.55
L3  148.82   9.20   43.64
L3  148.82  10.20  118.17
L3  148.82  11.20  130.97
L3  148.82  12.20  155.09
L3  148.82  13.20  177.13
L3  148.82  14.20  167.35
L3  148.82  15.21  167.87
L3  148.82  16.21  151.63
L3  148.82  17.20  130.79
L3  148.82  18.20  113.63
L3  148.82  19.20   96.82
L3  148.82  20.20   80.36
L3  148.82  21.20   73.18
L3  148.82  22.20   66.91
L3  148.82  23.20   60.65
L3  148.82  24.21   54.41
L3  148.82  25.21   48.74
L3  148.82  26.20   46.05
L3  148.82  27.20   21.49
L3  148.82  28.20   21.29
L3  148.82  29.20   16.98
L3  148.82  30.20   13.05
L3  148.82  31.20   15.16
L3  148.82  32.20   15.74
L3  148.82  33.21   16.27
L3  148.82  34.21   11.98
L3  148.82  35.20   11.50
L3  148.82  36.20   11.70
L3  148.82  37.20   13.41
L3  148.82  38.20   10.72
L3  148.82  39.20   13.02
L3  148.82  40.20   18.98
L3  148.82  41.20   13.00
L3  148.82  42.21   13.27
L3  148.82  43.21   10.15
L3  148.82  44.20   11.06
L3  148.82  45.20   12.74
L3  148.82  46.20   15.13
L3  148.82  47.20   11.32
L3  148.82  48.20   10.11
L3  148.82  49.20   17.48
L3  148.82  50.20   12.09
L3  148.82  51.21   12.83
L3  149.81 -16.80   86.02
L3  149.81 -15.80   85.41
L3  149.81 -14.80   82.09
L3  149.81 -13.80   78.53
L3  149.81 -12.80   84.37
L3  149.81 -11.79   86.48
L3  149.81 -10.79   79.64
L3  149.81  -9.80   80.37
L3  149.81  -8.80   75.72
L3  149.81  -7.80   81.07
L3  149.81  -6.80   84.97
L3  149.81  -5.80   71.63
L3  149.81  -4.80   72.21
L3  149.81  -3.80   64.05
L3  149.81  -2.79   62.24
L3  149.81  -1.79   57.83
L3  149.81  -0.80   58.83
L3  149.81   0.20   52.14
L3  149.81   1.20   54.47
L3  149.81   2.20   54.97
L3  149.81   3.20   50.32
L3  149.81   4.20   44.15
L3  149.81   5.20    6.34
L3  149.81   6.21   -4.23
L3  149.81   7.21   -6.73
L3  149.81   8.20   38.98
L3  149.81   9.20  109.14
L3  149.81  10.20  140.87
L3  149.81  11.20  205.77
L3  149.81  12.20  222.43
L3  149.81  13.20  234.15
L3  149.81  14.20  223.40
L3  149.81  15.21  202.07
L3  149.81  16.21  171.72
L3  149.81  17.20  149.71
L3  149.81  18.20  121.96
L3  149.81  19.20  109.68
L3  149.81  20.20   87.18
L3  149.81  21.20   81.20
L3  149.81  22.20   72.18
L3  149.81  23.20   62.81
L3  149.81  24.21   48.94
L3  149.81  25.21   40.68
L3  149.81  26.20   30.53
L3  149.81  27.20   26.80
L3  149.81  28.20   20.28
L3  149.81  29.20   19.75
L3  149.81  30.20   15.33
L3  149.81  31.20   12.86
L3  149.81  32.20   13.75
L3  149.81  33.21   12.85
L3  149.81  34.21   15.22
L3  149.81  35.20   14.91
L3  149.81  36.20   11.55
L3  149.81  37.20   13.92
L3  149.81  38.20   15.28
L3  149.81  39.20   15.12
L3  149.81  40.20   11.66
L3  149.81  41.20   10.91
L3  149.81  42.21   11.79
L3  149.81  43.21    9.96
L3  149.81  44.20    9.65
L3  149.81  45.20    9.29
L3  149.81  46.20   11.23
L3  149.81  47.20   13.34
L3  149.81  48.20    7.25
L3  149.81  49.20   12.83
L3  149.81  50.20    8.66
L3  149.81  51.21   11.48
L3  149.81  52.21   16.71
L3  150.82 -16.80   78.09
L3  150.82 -15.80   84.46
L3  150.82 -14.80   83.27
L3  150.82 -13.80   82.36
L3  150.82 -12.80   87.32
L3  150.82 -11.79   93.49
L3  150.82 -10.79   86.41
L3  150.82  -9.80   87.25
L3  150.82  -8.80   90.70
L3  150.82  -7.80   85.94
L3  150.82  -6.80   88.53
L3  150.82  -5.80   83.67
L3  150.82  -4.80   86.37
L3  150.82  -3.80   85.63
L3  150.82  -2.79   80.18
L3  150.82  -1.79   77.75
L3  150.82  -0.80   75.55
L3  150.82   0.20   80.29
L3  150.82   1.20   82.64
L3  150.82   2.20   73.59
L3  150.82   3.20   82.07
L3  150.82   4.20   86.87
L3  150.82   5.20   49.09
L3  150.82   6.21   17.31
L3  150.82   7.21   37.09
L3  150.82   8.20   28.23
L3  150.82   9.20  176.27
L3  150.82  10.20  383.81
L3  150.82  11.20  530.82
L3  150.82  12.20  478.85
L3  150.82  13.20  380.16
L3  150.82  14.20  285.52
L3  150.82  15.21  215.75
L3  150.82  16.21  212.12
L3  150.82  17.20  161.23
L3  150.82  18.20  138.18
L3  150.82  19.20  104.69
L3  150.82  20.20   89.90
L3  150.82  21.20   73.41
L3  150.82  22.20   60.93
L3  150.82  23.20   49.55
L3  150.82  24.21   46.92
L3  150.82  25.21   35.92
L3  150.82  26.20   31.62
L3  150.82  27.20   25.71
L3  150.82  28.20   23.22
L3  150.82  29.20   21.52
L3  150.82  30.20   20.63
L3  150.82  31.20   15.67
L3  150.82  32.20   14.54
L3  150.82  33.21   14.53
L3  150.82  34.21   16.43
L3  150.82  35.20   15.76
L3  150.82  36.20   14.56
L3  150.82  37.20   15.97
L3  150.82  38.20   15.41
L3  150.82  39.20   14.85
L3  150.82  40.20   16.34
L3  150.82  41.20   12.38
L3  150.82  42.21   12.48
L3  150.82  43.21   11.80
L3  150.82  44.20   13.09
L3  150.82  45.20   10.38
L3  150.82  46.20   12.98
L3  150.82  47.20   10.92
L3  150.82  48.20    6.62
L3  150.82  49.20    9.71
L3  150.82  50.20    7.61
L3  150.82  51.21    6.55
L3  150.82  52.21   10.96
L3  150.82  53.20   12.81
L3  151.82 -15.80   82.69
L3  151.82 -14.80   78.42
L3  151.82 -13.80   86.06
L3  151.82 -12.80   95.74
L3  151.82 -11.79  106.26
L3  151.82 -10.79  104.52
L3  151.82  -9.80  105.69
L3  151.82  -8.80   93.96
L3  151.82  -7.80   93.88
L3  151.82  -6.80   96.64
L3  151.82  -5.80   97.31
L3  151.82  -4.80  103.36
L3  151.82  -3.80  112.69
L3  151.82  -2.79  102.36
L3  151.82  -1.79  113.43
L3  151.82  -0.80  103.81
L3  151.82   0.20  113.96
L3  151.82   1.20  132.27
L3  151.82   2.20  129.82
L3  151.82   3.20  109.48
L3  151.82   4.20  129.05
L3  151.82   5.20   74.01
L3  151.82   6.21  107.80
L3  151.82   7.21  280.55
L3  151.82   8.20  267.38
L3  151.82   9.20  1169.57
L3  151.82  10.20  1691.89
L3  151.82  11.20  1594.22
L3  151.82  12.20  712.39
L3  151.82  13.20  722.10
L3  151.82  14.20  431.26
L3  151.82  15.21  215.94
L3  151.82  17.20  161.70
L3  151.82  18.20  114.98
L3  151.82  19.20   99.10
L3  151.82  20.20   85.31
L3  151.82  21.20   73.91
L3  151.82  22.20   64.20
L3  151.82  23.20   48.16
L3  151.82  24.21   44.77
L3  151.82  25.21   38.00
L3  151.82  26.20   36.28
L3  151.82  27.20   30.23
L3  151.82  28.20   27.14
L3  151.82  29.20   22.33
L3  151.82  30.20   20.24
L3  151.82  31.20   19.59
L3  151.82  32.20   19.42
L3  151.82  33.21   19.57
L3  151.82  34.21   17.06
L3  151.82  35.20   17.85
L3  151.82  36.20   18.28
L3  151.82  37.20   17.64
L3  151.82  38.20   19.33
L3  151.82  39.20   17.00
L3  151.82  40.20   14.37
L3  151.82  41.20   11.79
L3  151.82  42.21   10.83
L3  151.82  43.21   12.41
L3  151.82  44.20   12.24
L3  151.82  45.20   10.42
L3  151.82  46.20   12.69
L3  151.82  47.20    9.04
L3  151.82  48.20   10.46
L3  151.82  49.20    7.08
L3  151.82  50.20   15.10
L3  151.82  51.21    9.29
L3  151.82  52.21   12.69
L3  151.82  53.20   20.64
L3  152.82 -15.80   98.58
L3  152.82 -14.80   82.66
L3  152.82 -13.80   82.34
L3  152.82 -12.80   87.60
L3  152.82 -11.79   95.63
L3  152.82 -10.79   99.48
L3  152.82  -9.80  101.52
L3  152.82  -8.80  103.87
L3  152.82  -7.80  106.52
L3  152.82  -6.80  111.75
L3  152.82  -5.80  111.53
L3  152.82  -4.80  122.73
L3  152.82  -3.80  126.58
L3  152.82  -2.79  130.78
L3  152.82  -1.79  136.81
L3  152.82  -0.80  145.34
L3  152.82   0.20  156.71
L3  152.82   1.20  158.25
L3  152.82   2.20  219.00
L3  152.82   3.20  256.35
L3  152.82   4.20  370.50
L3  152.82   5.20  544.12
L3  152.82   6.21  560.73
L3  152.82   7.21  1807.89
L3  152.82   8.20  4600.54
L3  152.82   9.20  4611.40
L3  152.82  10.20  4036.18
L3  152.82  11.20  744.00
L3  152.82  17.20  163.78
L3  152.82  18.20  135.37
L3  152.82  19.20  116.03
L3  152.82  20.20   95.32
L3  152.82  21.20   86.55
L3  152.82  22.20   64.36
L3  152.82  23.20   56.05
L3  152.82  24.21   50.45
L3  152.82  25.21   46.99
L3  152.82  26.20   42.82
L3  152.82  27.20   34.32
L3  152.82  28.20   29.32
L3  152.82  29.20   27.77
L3  152.82  30.20   25.77
L3  152.82  31.20   22.18
L3  152.82  32.20   22.05
L3  152.82  33.21   21.10
L3  152.82  34.21   20.56
L3  152.82  35.20   18.18
L3  152.82  36.20   17.61
L3  152.82  37.20   14.05
L3  152.82  38.20   17.23
L3  152.82  39.20   16.38
L3  152.82  40.20   14.15
L3  152.82  41.20   15.09
L3  152.82  42.21   13.00
L3  152.82  43.21   12.23
L3  152.82  44.20   15.10
L3  152.82  45.20   17.39
L3  152.82  46.20    9.41
L3  152.82  47.20   11.87
L3  152.82  48.20   13.03
L3  152.82  49.20   16.59
L3  152.82  50.20    4.80
L3  152.82  51.21    8.67
L3  152.82  52.21   15.60
L3  152.82  53.20   18.54
L3  152.82  54.20   16.52
L3  153.82 -15.80   62.46
L3  153.82 -14.80   91.08
L3  153.82 -13.80   83.80
L3  153.82 -12.80   87.49
L3  153.82 -11.79   85.99
L3  153.82 -10.79   89.20
L3  153.82  -9.80   98.26
L3  153.82  -8.80   99.13
L3  153.82  -7.80  105.30
L3  153.82  -6.80  113.63
L3  153.82  -5.80  126.47
L3  153.82  -4.80  132.63
L3  153.82  -3.80  136.07
L3  153.82  -2.79  152.04
L3  153.82  -1.79  168.20
L3  153.82  -0.80  211.43
L3  153.82   0.20  241.57
L3  153.82   1.20  324.90
L3  153.82   2.20  493.42
L3  153.82   3.20  737.33
L3  153.82   4.20  1009.38
L3  153.82   5.20  1424.75
L3  153.82   6.21  2866.51
L3  153.82   7.21  1001.49
L3  153.82  17.20  195.49
L3  153.82  18.20  176.35
L3  153.82  19.20  140.09
L3  153.82  20.20  114.69
L3  153.82  21.20   92.07
L3  153.82  22.20   72.06
L3  153.82  23.20   62.24
L3  153.82  24.21   53.63
L3  153.82  25.21   49.39
L3  153.82  26.20   46.70
L3  153.82  27.20   43.82
L3  153.82  28.20   38.66
L3  153.82  29.20   32.23
L3  153.82  30.20   30.58
L3  153.82  31.20   31.26
L3  153.82  32.20   27.83
L3  153.82  33.21   22.15
L3  153.82  34.21   23.31
L3  153.82  35.20   20.99
L3  153.82  36.20   17.64
L3  153.82  37.20   14.54
L3  153.82  38.20   17.49
L3  153.82  39.20   14.27
L3  153.82  40.20   14.74
L3  153.82  41.20   13.73
L3  153.82  42.21   15.78
L3  153.82  43.21   12.38
L3  153.82  44.20   11.03
L3  153.82  45.20   14.23
L3  153.82  46.20   12.71
L3  153.82  47.20    9.30
L3  153.82  48.20   13.32
L3  153.82  49.20   10.01
L3  153.82  50.20   10.22
L3  153.82  51.21   15.28
L3  153.82  52.21    6.78
L3  153.82  53.20    5.56
L3  153.82  54.20   22.77
L3  153.82  54.75   20.54
L3  154.82 -14.80   85.93
L3  154.82 -13.80   90.75
L3  154.82 -12.80   87.96
L3  154.82 -11.79   89.93
L3  154.82 -10.79   89.53
L3  154.82  -9.80   98.30
L3  154.82  -8.80  107.81
L3  154.82  -7.80  108.95
L3  154.82  -6.80  115.43
L3  154.82  -5.80  128.22
L3  154.82  -4.80  144.26
L3  154.82  -3.80  158.31
L3  154.82  -2.79  180.81
L3  154.82  -1.79  209.92
L3  154.82  -0.80  295.00
L3  154.82   0.20  388.87
L3  154.82   1.20  482.61
L3  154.82   2.20  593.10
L3  154.82   3.20  707.60
L3  154.82  16.21  259.62
L3  154.82  17.20  236.48
L3  154.82  18.20  182.62
L3  154.82  19.20  140.24
L3  154.82  20.20  102.88
L3  154.82  21.20   90.92
L3  154.82  22.20   72.84
L3  154.82  23.20   59.89
L3  154.82  24.21   56.92
L3  154.82  25.21   57.16
L3  154.82  26.20   51.01
L3  154.82  27.20   43.29
L3  154.82  28.20   42.60
L3  154.82  29.20   40.91
L3  154.82  30.20   37.69
L3  154.82  31.20   35.58
L3  154.82  32.20   30.67
L3  154.82  33.21   26.56
L3  154.82  34.21   23.16
L3  154.82  35.20   22.17
L3  154.82  36.20   21.10
L3  154.82  37.20   17.86
L3  154.82  38.20   14.71
L3  154.82  39.20   16.99
L3  154.82  40.20   13.23
L3  154.82  41.20   18.62
L3  154.82  42.21   14.42
L3  154.82  43.21   13.39
L3  154.82  44.20   14.52
L3  154.82  45.20    9.95
L3  154.82  46.20   10.74
L3  154.82  47.20   11.27
L3  154.82  48.20    9.81
L3  154.82  49.20   12.06
L3  154.82  50.20   13.24
L3  154.82  51.21   10.53
L3  154.82  52.21    7.40
L3  154.82  53.20   10.12
L3  154.82  54.20   16.82
L3  154.82  54.75   25.38
L3  155.82 -13.80   73.82
L3  155.82 -12.80   97.80
L3  155.82 -11.79   94.01
L3  155.82 -10.79   99.51
L3  155.82  -9.80  106.17
L3  155.82  -8.80  103.66
L3  155.82  -7.80  120.04
L3  155.82  -6.80  117.09
L3  155.82  -5.80  125.99
L3  155.82  -4.80  139.35
L3  155.82  -3.80  168.52
L3  155.82  -2.79  195.15
L3  155.82  -1.79  236.05
L3  155.82  -0.80  265.17
L3  155.82  16.21  347.10
L3  155.82  17.20  234.89
L3  155.82  18.20  172.97
L3  155.82  19.20  136.83
L3  155.82  20.20  112.49
L3  155.82  21.20   86.63
L3  155.82  22.20   73.90
L3  155.82  23.20   69.54
L3  155.82  24.21   64.05
L3  155.82  25.21   57.97
L3  155.82  26.20   54.97
L3  155.82  27.20   50.86
L3  155.82  28.20   45.77
L3  155.82  29.20   42.58
L3  155.82  30.20   35.90
L3  155.82  31.20   37.04
L3  155.82  32.20   29.59
L3  155.82  33.21   26.33
L3  155.82  34.21   24.58
L3  155.82  35.20   24.85
L3  155.82  36.20   19.97
L3  155.82  37.20   18.59
L3  155.82  38.20   16.02
L3  155.82  39.20   15.82
L3  155.82  40.20   15.48
L3  155.82  41.20   15.84
L3  155.82  42.21   13.93
L3  155.82  43.21   14.53
L3  155.82  44.20   13.88
L3  155.82  45.20   17.40
L3  155.82  46.20   12.72
L3  155.82  47.20   10.08
L3  155.82  48.20   11.76
L3  155.82  49.20   13.34
L3  155.82  50.20   11.06
L3  155.82  51.21    8.13
L3  155.82  52.21   12.94
L3  155.82  53.20   11.36
L3  155.82  54.20   14.45
L3  155.82  54.75   14.81
L3  156.82 -12.80   67.02
L3  156.82 -11.79   99.01
L3  156.82 -10.79  106.26
L3  156.82  -9.80  103.53
L3  156.82  -8.80  116.54
L3  156.82  -7.80  107.31
L3  156.82  -6.80  121.36
L3  156.82  -5.80  128.75
L3  156.82  -4.80  126.98
L3  156.82  16.21  346.66
L3  156.82  17.20  219.51
L3  156.82  18.20  154.84
L3  156.82  19.20  126.86
L3  156.82  20.20  115.27
L3  156.82  21.20   97.44
L3  156.82  22.20   90.84
L3  156.82  23.20   84.07
L3  156.82  24.21   70.73
L3  156.82  25.21   64.03
L3  156.82  26.20   61.50
L3  156.82  27.20   55.26
L3  156.82  28.20   43.54
L3  156.82  29.20   39.77
L3  156.82  30.20   35.02
L3  156.82  31.20   32.76
L3  156.82  32.20   28.69
L3  156.82  33.21   27.22
L3  156.82  34.21   25.62
L3  156.82  35.20   23.86
L3  156.82  36.20   23.23
L3  156.82  37.20   21.12
L3  156.82  38.20   18.12
L3  156.82  39.20   16.15
L3  156.82  40.20   15.72
L3  156.82  41.20   17.70
L3  156.82  42.21   15.27
L3  156.82  43.21   13.05
L3  156.82  44.20   12.34
L3  156.82  45.20   15.31
L3  156.82  46.20   14.34
L3  156.82  47.20   17.33
L3  156.82  48.20   15.08
L3  156.82  49.20   15.94
L3  156.82  50.20   10.40
L3  156.82  51.21   10.31
L3  156.82  52.21   16.68
L3  156.82  53.20   11.29
L3  156.82  54.20   13.09
L3  156.82  54.75   17.55
L3  157.82 -11.79   22.20
L3  157.82 -10.79   81.21
L3  157.82  -9.80   97.42
L3  157.82  -8.80   97.82
L3  157.82  15.21  337.18
L3  157.82  16.21  302.95
L3  157.82  17.20  204.83
L3  157.82  18.20  166.08
L3  157.82  19.20  159.34
L3  157.82  20.20  146.81
L3  157.82  21.20  129.14
L3  157.82  22.20  111.78
L3  157.82  23.20   98.07
L3  157.82  24.21   82.47
L3  157.82  25.21   69.40
L3  157.82  26.20   58.92
L3  157.82  27.20   46.90
L3  157.82  28.20   44.23
L3  157.82  29.20   38.24
L3  157.82  30.20   32.39
L3  157.82  31.20   33.73
L3  157.82  32.20   30.24
L3  157.82  33.21   25.96
L3  157.82  34.21   24.64
L3  157.82  35.20   23.18
L3  157.82  36.20   23.21
L3  157.82  37.20   20.66
L3  157.82  38.20   18.69
L3  157.82  39.20   18.14
L3  157.82  40.20   17.10
L3  157.82  41.20   16.43
L3  157.82  42.21   16.34
L3  157.82  43.21   20.04
L3  157.82  44.20   14.02
L3  157.82  45.20   14.52
L3  157.82  46.20   12.67
L3  157.82  47.20   15.13
L3  157.82  48.20   11.72
L3  157.82  49.20   13.05
L3  157.82  50.20   10.57
L3  157.82  51.21   13.61
L3  157.82  52.21   11.74
L3  157.82  53.20   11.50
L3  157.82  54.20   10.36
L3  157.82  54.75   17.70
L3  158.81  15.21  839.14
L3  158.81  16.21  670.07
L3  158.81  17.20  418.23
L3  158.81  18.20  314.26
L3  158.81  19.20  244.38
L3  158.81  20.20  196.57
L3  158.81  21.20  155.33
L3  158.81  22.20  129.75
L3  158.81  23.20  104.33
L3  158.81  24.21   81.85
L3  158.81  25.21   68.72
L3  158.81  26.20   59.50
L3  158.81  27.20   49.64
L3  158.81  28.20   41.53
L3  158.81  29.20   36.01
L3  158.81  30.20   32.63
L3  158.81  31.20   33.03
L3  158.81  32.20   30.38
L3  158.81  33.21   29.67
L3  158.81  34.21   26.23
L3  158.81  35.20   24.24
L3  158.81  36.20   22.29
L3  158.81  37.20   22.04
L3  158.81  38.20   20.46
L3  158.81  39.20   19.11
L3  158.81  40.20   19.07
L3  158.81  41.20   16.14
L3  158.81  42.21   17.15
L3  158.81  43.21   16.32
L3  158.81  44.20   17.32
L3  158.81  45.20   16.73
L3  158.81  46.20   18.03
L3  158.81  47.20   18.23
L3  158.81  48.20   15.16
L3  158.81  49.20   22.13
L3  158.81  50.20   14.22
L3  158.81  51.21   14.22
L3  158.81  52.21   18.03
L3  158.81  53.20   15.36
L3  158.81  54.20   14.30
L3  158.81  54.75    9.73
L3  159.82  15.21  1028.17
L3  159.82  16.21  639.80
L3  159.82  17.20  425.46
L3  159.82  18.20  284.74
L3  159.82  19.20  198.83
L3  159.82  20.20  140.29
L3  159.82  21.20  110.53
L3  159.82  22.20   92.71
L3  159.82  23.20   81.02
L3  159.82  24.21   77.85
L3  159.82  25.21   69.74
L3  159.82  26.20   55.55
L3  159.82  27.20   46.18
L3  159.82  28.20   40.38
L3  159.82  29.20   36.85
L3  159.82  30.20   34.47
L3  159.82  31.20   33.91
L3  159.82  32.20   31.72
L3  159.82  33.21   29.49
L3  159.82  34.21   28.53
L3  159.82  35.20   26.58
L3  159.82  36.20   24.60
L3  159.82  37.20   22.50
L3  159.82  38.20   19.96
L3  159.82  39.20   16.34
L3  159.82  40.20   17.31
L3  159.82  41.20   18.51
L3  159.82  42.21   18.34
L3  159.82  43.21   16.78
L3  159.82  44.20   17.47
L3  159.82  45.20   17.09
L3  159.82  46.20   16.40
L3  159.82  47.20   13.55
L3  159.82  48.20   14.56
L3  159.82  49.20   16.58
L3  159.82  50.20   16.96
L3  159.82  51.21   19.09
L3  159.82  52.21   12.59
L3  159.82  53.20   11.57
L3  159.82  54.20   15.07
L3  159.82  54.75   11.42
L3  160.82  15.21  653.38
L3  160.82  16.21  416.50
L3  160.82  17.20  266.66
L3  160.82  18.20  188.74
L3  160.82  19.20  139.60
L3  160.82  20.20  109.25
L3  160.82  21.20   89.48
L3  160.82  22.20   79.76
L3  160.82  23.20   73.15
L3  160.82  24.21   63.31
L3  160.82  25.21   59.64
L3  160.82  26.20   52.84
L3  160.82  27.20   42.37
L3  160.82  28.20   39.35
L3  160.82  29.20   36.84
L3  160.82  30.20   34.25
L3  160.82  31.20   29.79
L3  160.82  32.20   29.94
L3  160.82  33.21   29.40
L3  160.82  34.21   27.18
L3  160.82  35.20   25.91
L3  160.82  36.20   25.09
L3  160.82  37.20   20.56
L3  160.82  38.20   21.71
L3  160.82  39.20   19.39
L3  160.82  40.20   20.47
L3  160.82  41.20   17.45
L3  160.82  42.21   17.68
L3  160.82  43.21   18.95
L3  160.82  44.20   18.41
L3  160.82  45.20   18.32
L3  160.82  46.20   19.16
L3  160.82  47.20   18.66
L3  160.82  48.20   15.05
L3  160.82  49.20   15.66
L3  160.82  50.20   17.66
L3  160.82  51.21   15.36
L3  160.82  52.21   15.39
L3  160.82  53.20    9.19
L3  160.82  54.20   16.55
L3  160.82  54.75    4.77
L3  161.82  14.20  520.95
L3  161.82  15.21  415.84
L3  161.82  16.21  281.42
L3  161.82  17.20  210.09
L3  161.82  18.20  157.06
L3  161.82  19.20  122.13
L3  161.82  20.20   99.69
L3  161.82  21.20   88.02
L3  161.82  22.20   75.55
L3  161.82  23.20   70.99
L3  161.82  24.21   56.76
L3  161.82  25.21   50.21
L3  161.82  26.20   46.04
L3  161.82  27.20   39.33
L3  161.82  28.20   36.90
L3  161.82  29.20   33.97
L3  161.82  30.20   32.76
L3  161.82  31.20   30.53
L3  161.82  32.20   31.40
L3  161.82  33.21   28.38
L3  161.82  34.21   25.37
L3  161.82  35.20   25.88
L3  161.82  36.20   25.36
L3  161.82  37.20   22.28
L3  161.82  38.20   21.38
L3  161.82  39.20   22.08
L3  161.82  40.20   21.33
L3  161.82  41.20   21.10
L3  161.82  42.21   18.81
L3  161.82  43.21   15.69
L3  161.82  44.20   19.91
L3  161.82  45.20   17.55
L3  161.82  46.20   16.95
L3  161.82  47.20   16.81
L3  161.82  48.20   15.18
L3  161.82  49.20   18.01
L3  161.82  50.20   18.48
L3  161.82  51.21   15.66
L3  161.82  52.21   15.35
L3  161.82  53.20   11.27
L3  161.82  54.20   14.09
L3  161.82  54.75   12.13
L3  162.82  14.20  402.26
L3  162.82  15.21  307.84
L3  162.82  16.21  222.85
L3  162.82  17.20  167.74
L3  162.82  18.20  124.25
L3  162.82  19.20  102.98
L3  162.82  20.20   88.27
L3  162.82  21.20   79.75
L3  162.82  22.20   63.08
L3  162.82  23.20   57.08
L3  162.82  24.21   56.45
L3  162.82  25.21   45.18
L3  162.82  26.20   41.94
L3  162.82  27.20   40.02
L3  162.82  28.20   36.59
L3  162.82  29.20   30.45
L3  162.82  30.20   29.64
L3  162.82  31.20   29.96
L3  162.82  32.20   28.04
L3  162.82  33.21   27.56
L3  162.82  34.21   27.48
L3  162.82  35.20   26.18
L3  162.82  36.20   26.43
L3  162.82  37.20   24.80
L3  162.82  38.20   21.83
L3  162.82  39.20   19.37
L3  162.82  40.20   19.15
L3  162.82  41.20   18.13
L3  162.82  42.21   20.64
L3  162.82  43.21   16.31
L3  162.82  44.20   18.75
L3  162.82  45.20   26.09
L3  162.82  46.20   20.40
L3  162.82  47.20   14.94
L3  162.82  48.20   15.31
L3  162.82  49.20   17.77
L3  162.82  50.20   15.81
L3  162.82  51.21   15.22
L3  162.82  52.21   14.64
L3  162.82  53.20   14.19
L3  162.82  54.20   14.14
L3  162.82  54.75   14.13
L3  163.82  14.20  119.80
L3  163.82  15.21  135.68
L3  163.82  16.21  139.25
L3  163.82  17.20  121.80
L3  163.82  18.20  105.51
L3  163.82  19.20   97.17
L3  163.82  20.20   84.95
L3  163.82  21.20   71.87
L3  163.82  22.20   55.31
L3  163.82  23.20   49.65
L3  163.82  24.21   45.96
L3  163.82  25.21   41.24
L3  163.82  26.20   35.26
L3  163.82  27.20   33.68
L3  163.82  28.20   31.90
L3  163.82  29.20   31.67
L3  163.82  30.20   28.14
L3  163.82  31.20   27.86
L3  163.82  32.20   25.34
L3  163.82  33.21   27.13
L3  163.82  34.21   25.71
L3  163.82  35.20   26.89
L3  163.82  36.20   28.75
L3  163.82  37.20   25.73
L3  163.82  38.20   23.65
L3  163.82  39.20   20.40
L3  163.82  40.20   21.55
L3  163.82  41.20   19.19
L3  163.82  42.21   23.16
L3  163.82  43.21   20.09
L3  163.82  44.20   18.70
L3  163.82  45.20   19.27
L3  163.82  46.20   20.64
L3  163.82  47.20   19.11
L3  163.82  48.20   24.68
L3  163.82  49.20   16.86
L3  163.82  50.20   19.23
L3  163.82  51.21   21.86
L3  163.82  52.21   15.48
L3  163.82  53.20   17.15
L3  163.82  54.20   14.04
L3  163.82  54.75   12.69
L3  164.82  13.20   91.93
L3  164.82  14.20   62.88
L3  164.82  15.21   89.82
L3  164.82  16.21   73.36
L3  164.82  17.20   72.01
L3  164.82  18.20   69.98
L3  164.82  19.20   73.80
L3  164.82  20.20   72.69
L3  164.82  21.20   57.20
L3  164.82  22.20   54.43
L3  164.82  23.20   46.78
L3  164.82  24.21   43.50
L3  164.82  25.21   42.38
L3  164.82  26.20   34.29
L3  164.82  27.20   30.86
L3  164.82  28.20   26.32
L3  164.82  29.20   29.80
L3  164.82  30.20   26.93
L3  164.82  31.20   25.28
L3  164.82  32.20   26.26
L3  164.82  33.21   28.16
L3  164.82  34.21   29.59
L3  164.82  35.20   26.02
L3  164.82  36.20   27.82
L3  164.82  37.20   24.53
L3  164.82  38.20   27.03
L3  164.82  39.20   22.25
L3  164.82  40.20   20.92
L3  164.82  41.20   20.48
L3  164.82  42.21   19.59
L3  164.82  43.21   18.91
L3  164.82  44.20   21.85
L3  164.82  45.20   18.55
L3  164.82  46.20   18.93
L3  164.82  47.20   16.70
L3  164.82  48.20   17.35
L3  164.82  49.20   18.70
L3  164.82  50.20   23.21
L3  164.82  51.21   18.61
L3  164.82  52.21   16.19
L3  164.82  53.20   16.34
L3  164.82  54.20   18.40
L3  164.82  54.75    9.63
L3  165.82  13.20  227.22
L3  165.82  14.20  137.73
L3  165.82  15.21  126.45
L3  165.82  16.21   76.80
L3  165.82  17.20   56.86
L3  165.82  18.20   51.46
L3  165.82  19.20   43.55
L3  165.82  20.20   42.48
L3  165.82  21.20   44.82
L3  165.82  22.20   45.00
L3  165.82  23.20   40.81
L3  165.82  24.21   37.62
L3  165.82  25.21   38.73
L3  165.82  26.20   32.35
L3  165.82  27.20   29.01
L3  165.82  28.20   26.79
L3  165.82  29.20   22.54
L3  165.82  30.20   23.13
L3  165.82  31.20   25.40
L3  165.82  32.20   26.88
L3  165.82  33.21   25.83
L3  165.82  34.21   24.44
L3  165.82  35.20   24.39
L3  165.82  36.20   24.62
L3  165.82  37.20   23.69
L3  165.82  38.20   22.81
L3  165.82  39.20   20.52
L3  165.82  40.20   21.01
L3  165.82  41.20   18.60
L3  165.82  42.21   18.81
L3  165.82  43.21   19.79
L3  165.82  44.20   19.58
L3  165.82  45.20   18.39
L3  165.82  46.20   19.22
L3  165.82  47.20   18.15
L3  165.82  48.20   17.41
L3  165.82  49.20   18.54
L3  165.82  50.20   21.88
L3  165.82  51.21   19.51
L3  165.82  52.21   16.36
L3  165.82  53.20   13.60
L3  165.82  54.20   14.30
L3  165.82  54.75    5.32
L3  166.82  13.20  409.39
L3  166.82  14.20  284.03
L3  166.82  15.21  180.44
L3  166.82  16.21   96.59
L3  166.82  17.20   68.40
L3  166.82  18.20   47.13
L3  166.82  19.20   34.01
L3  166.82  20.20   32.01
L3  166.82  21.20   35.01
L3  166.82  22.20   35.44
L3  166.82  23.20   30.11
L3  166.82  24.21   29.55
L3  166.82  25.21   28.72
L3  166.82  26.20   30.29
L3  166.82  27.20   26.10
L3  166.82  28.20   24.60
L3  166.82  29.20   22.27
L3  166.82  30.20   22.33
L3  166.82  31.20   23.12
L3  166.82  32.20   22.53
L3  166.82  33.21   22.65
L3  166.82  34.21   26.88
L3  166.82  35.20   26.41
L3  166.82  36.20   22.64
L3  166.82  37.20   23.11
L3  166.82  38.20   20.61
L3  166.82  39.20   21.61
L3  166.82  40.20   21.44
L3  166.82  41.20   20.57
L3  166.82  42.21   22.35
L3  166.82  43.21   20.35
L3  166.82  44.20   21.18
L3  166.82  45.20   18.57
L3  166.82  46.20   19.79
L3  166.82  47.20   18.22
L3  166.82  48.20   19.14
L3  166.82  49.20   21.76
L3  166.82  50.20   15.99
L3  166.82  51.21   16.13
L3  166.82  52.21   17.09
L3  166.82  53.20   15.72
L3  166.82  54.20   19.37
L3  166.82  54.75    9.56
L3  167.81  12.20  832.13
L3  167.81  13.20  526.30
L3  167.81  14.20  346.92
L3  167.81  15.21  214.36
L3  167.81  16.21  135.42
L3  167.81  17.20   81.34
L3  167.81  18.20   51.56
L3  167.81  19.20   39.69
L3  167.81  20.20   34.56
L3  167.81  21.20   28.49
L3  167.81  22.20   25.09
L3  167.81  23.20   26.70
L3  167.81  24.21   23.20
L3  167.81  25.21   23.68
L3  167.81  26.20   24.07
L3  167.81  27.20   22.85
L3  167.81  28.20   24.04
L3  167.81  29.20   23.52
L3  167.81  30.20   23.58
L3  167.81  31.20   20.73
L3  167.81  32.20   18.71
L3  167.81  33.21   19.70
L3  167.81  34.21   22.67
L3  167.81  35.20   19.84
L3  167.81  36.20   20.64
L3  167.81  37.20   20.32
L3  167.81  38.20   19.26
L3  167.81  39.20   20.01
L3  167.81  40.20   21.43
L3  167.81  41.20   20.76
L3  167.81  42.21   20.53
L3  167.81  43.21   18.45
L3  167.81  44.20   19.82
L3  167.81  45.20   21.15
L3  167.81  46.20   18.17
L3  167.81  47.20   16.49
L3  167.81  48.20   19.13
L3  167.81  49.20   19.61
L3  167.81  50.20   17.20
L3  167.81  51.21   14.66
L3  167.81  52.21   20.54
L3  167.81  53.20   11.75
L3  167.81  54.20   16.90
L3  167.81  54.75   17.55
L3  168.82  12.20  925.46
L3  168.82  13.20  586.24
L3  168.82  14.20  382.08
L3  168.82  15.21  250.95
L3  168.82  16.21  150.20
L3  168.82  17.20   96.15
L3  168.82  18.20   62.79
L3  168.82  19.20   44.07
L3  168.82  20.20   35.02
L3  168.82  21.20   25.20
L3  168.82  22.20   22.33
L3  168.82  23.20   20.97
L3  168.82  24.21   20.35
L3  168.82  25.21   18.90
L3  168.82  26.20   17.43
L3  168.82  27.20   18.19
L3  168.82  28.20   19.00
L3  168.82  29.20   16.97
L3  168.82  30.20   18.77
L3  168.82  31.20   17.59
L3  168.82  32.20   16.94
L3  168.82  33.21   19.99
L3  168.82  34.21   18.89
L3  168.82  35.20   20.87
L3  168.82  36.20   17.95
L3  168.82  37.20   20.73
L3  168.82  38.20   21.09
L3  168.82  39.20   20.42
L3  168.82  40.20   17.99
L3  168.82  41.20   19.64
L3  168.82  42.21   21.66
L3  168.82  43.21   15.84
L3  168.82  44.20   17.66
L3  168.82  45.20   20.21
L3  168.82  46.20   16.72
L3  168.82  47.20   18.73
L3  168.82  48.20   18.64
L3  168.82  49.20   18.60
L3  168.82  50.20   15.67
L3  168.82  51.21   14.68
L3  168.82  52.21   21.80
L3  168.82  53.20   13.92
L3  168.82  54.20   15.68
L3  168.82  54.75   18.59
L3  169.82  12.20  888.64
L3  169.82  13.20  596.10
L3  169.82  14.20  390.76
L3  169.82  15.21  254.79
L3  169.82  16.21  166.45
L3  169.82  17.20  108.36
L3  169.82  18.20   70.32
L3  169.82  19.20   49.00
L3  169.82  20.20   37.20
L3  169.82  21.20   27.34
L3  169.82  22.20   19.99
L3  169.82  23.20   16.27
L3  169.82  24.21   18.71
L3  169.82  25.21   16.09
L3  169.82  26.20   16.27
L3  169.82  27.20   15.62
L3  169.82  28.20   14.63
L3  169.82  29.20   11.14
L3  169.82  30.20   13.59
L3  169.82  31.20   14.19
L3  169.82  32.20   17.05
L3  169.82  33.21   16.95
L3  169.82  34.21   16.52
L3  169.82  35.20   16.80
L3  169.82  36.20   18.00
L3  169.82  37.20   17.77
L3  169.82  38.20   18.93
L3  169.82  39.20   17.92
L3  169.82  40.20   18.38
L3  169.82  41.20   18.06
L3  169.82  42.21   16.60
L3  169.82  43.21   16.46
L3  169.82  44.20   17.24
L3  169.82  45.20   18.95
L3  169.82  46.20   16.93
L3  169.82  47.20   15.95
L3  169.82  48.20   17.01
L3  169.82  49.20   17.52
L3  169.82  50.20   19.39
L3  169.82  51.21   15.48
L3  169.82  52.21   22.78
L3  169.82  53.20   14.96
L3  169.82  54.20   15.33
L3  169.82  54.75   18.77
L3  170.82  11.20  1120.78
L3  170.82  12.20  852.13
L3  170.82  13.20  572.98
L3  170.82  14.20  397.07
L3  170.82  15.21  270.06
L3  170.82  16.21  182.05
L3  170.82  17.20  120.75
L3  170.82  18.20   78.90
L3  170.82  19.20   51.27
L3  170.82  20.20   38.57
L3  170.82  21.20   28.48
L3  170.82  22.20   18.11
L3  170.82  23.20   17.81
L3  170.82  24.21   14.71
L3  170.82  25.21   13.41
L3  170.82  26.20   15.87
L3  170.82  27.20   13.78
L3  170.82  28.20   11.70
L3  170.82  29.20   12.35
L3  170.82  30.20   12.05
L3  170.82  31.20   17.90
L3  170.82  32.20   16.82
L3  170.82  33.21   14.93
L3  170.82  34.21   20.45
L3  170.82  35.20   17.41
L3  170.82  36.20   16.48
L3  170.82  37.20   15.04
L3  170.82  38.20   16.44
L3  170.82  39.20   15.69
L3  170.82  40.20   15.00
L3  170.82  41.20   14.20
L3  170.82  42.21   13.55
L3  170.82  43.21   15.28
L3  170.82  44.20   16.81
L3  170.82  45.20   14.76
L3  170.82  46.20   15.82
L3  170.82  47.20   15.64
L3  170.82  48.20   16.11
L3  170.82  49.20   17.03
L3  170.82  50.20   19.85
L3  170.82  51.21   18.17
L3  170.82  52.21   19.80
L3  170.82  53.20   18.49
L3  170.82  54.20   17.09
L3  171.82  11.20  1130.39
L3  171.82  12.20  827.84
L3  171.82  13.20  567.40
L3  171.82  14.20  401.40
L3  171.82  15.21  277.82
L3  171.82  16.21  196.12
L3  171.82  17.20  130.58
L3  171.82  18.20   91.94
L3  171.82  19.20   60.72
L3  171.82  20.20   45.10
L3  171.82  21.20   29.97
L3  171.82  22.20   22.32
L3  171.82  23.20   15.78
L3  171.82  24.21   15.21
L3  171.82  25.21   14.04
L3  171.82  26.20    9.68
L3  171.82  27.20   11.04
L3  171.82  28.20   14.41
L3  171.82  29.20   14.54
L3  171.82  30.20   13.64
L3  171.82  31.20   12.09
L3  171.82  32.20   10.21
L3  171.82  33.21   11.46
L3  171.82  34.21   13.52
L3  171.82  35.20   14.42
L3  171.82  36.20   15.03
L3  171.82  37.20   15.86
L3  171.82  38.20   14.40
L3  171.82  39.20   13.47
L3  171.82  40.20   13.99
L3  171.82  41.20   13.97
L3  171.82  42.21   13.90
L3  171.82  43.21   12.83
L3  171.82  44.20   17.61
L3  171.82  45.20   15.62
L3  171.82  46.20   12.13
L3  171.82  47.20   15.71
L3  171.82  48.20   19.64
L3  171.82  49.20   16.25
L3  171.82  50.20   16.77
L3  171.82  51.21   19.03
L3  171.82  52.21   13.48
L3  171.82  53.20   21.22
L3  172.82  11.20  1051.24
L3  172.82  12.20  770.08
L3  172.82  13.20  543.54
L3  172.82  14.20  380.47
L3  172.82  15.21  276.87
L3  172.82  16.21  190.07
L3  172.82  17.20  144.83
L3  172.82  18.20   95.81
L3  172.82  19.20   69.46
L3  172.82  20.20   47.12
L3  172.82  21.20   34.58
L3  172.82  22.20   23.23
L3  172.82  23.20   19.40
L3  172.82  24.21   13.11
L3  172.82  25.21   15.15
L3  172.82  26.20   11.35
L3  172.82  27.20   10.42
L3  172.82  28.20   12.17
L3  172.82  29.20   11.17
L3  172.82  30.20   11.85
L3  172.82  31.20   10.42
L3  172.82  32.20   10.92
L3  172.82  33.21   12.01
L3  172.82  34.21   12.00
L3  172.82  35.20   11.80
L3  172.82  36.20   13.69
L3  172.82  37.20   14.54
L3  172.82  38.20   15.70
L3  172.82  39.20   13.04
L3  172.82  40.20   15.60
L3  172.82  41.20   13.86
L3  172.82  42.21   11.08
L3  172.82  43.21   15.95
L3  172.82  44.20   16.49
L3  172.82  45.20   15.22
L3  172.82  46.20   13.93
L3  172.82  47.20   15.49
L3  172.82  48.20   19.42
L3  172.82  49.20   16.03
L3  172.82  50.20   14.53
L3  172.82  51.21   18.32
L3  172.82  52.21   15.22
L3  172.82  53.20   23.19
L3  173.82  10.20  1144.08
L3  173.82  11.20  942.58
L3  173.82  12.20  715.67
L3  173.82  13.20  531.56
L3  173.82  14.20  381.19
L3  173.82  15.21  274.19
L3  173.82  16.21  205.12
L3  173.82  17.20  144.80
L3  173.82  18.20  104.14
L3  173.82  19.20   72.73
L3  173.82  20.20   55.80
L3  173.82  21.20   37.17
L3  173.82  22.20   27.55
L3  173.82  23.20   20.19
L3  173.82  24.21   14.64
L3  173.82  25.21   11.16
L3  173.82  26.20   12.01
L3  173.82  27.20   11.27
L3  173.82  28.20    9.97
L3  173.82  29.20   11.42
L3  173.82  30.20   14.47
L3  173.82  31.20   10.93
L3  173.82  32.20   12.71
L3  173.82  33.21   10.50
L3  173.82  34.21   11.13
L3  173.82  35.20   12.16
L3  173.82  36.20   11.66
L3  173.82  37.20   10.07
L3  173.82  38.20   17.78
L3  173.82  39.20   12.71
L3  173.82  40.20   10.48
L3  173.82  41.20    8.38
L3  173.82  42.21   12.27
L3  173.82  43.21   15.17
L3  173.82  44.20   16.67
L3  173.82  45.20   11.86
L3  173.82  46.20   15.67
L3  173.82  47.20   17.50
L3  173.82  48.20   15.35
L3  173.82  49.20   15.58
L3  173.82  50.20   16.24
L3  173.82  51.21   14.47
L3  173.82  52.21   17.68
L3  173.82  53.20   14.71
L3  174.82  10.20  1107.32
L3  174.82  11.20  875.36
L3  174.82  12.20  692.06
L3  174.82  13.20  512.52
L3  174.82  14.20  391.12
L3  174.82  15.21  279.88
L3  174.82  16.21  207.82
L3  174.82  17.20  152.52
L3  174.82  18.20  108.07
L3  174.82  19.20   79.48
L3  174.82  20.20   59.72
L3  174.82  21.20   41.72
L3  174.82  22.20   29.47
L3  174.82  23.20   24.51
L3  174.82  24.21   17.27
L3  174.82  25.21   18.24
L3  174.82  26.20   12.63
L3  174.82  27.20   11.64
L3  174.82  28.20   13.22
L3  174.82  29.20   12.03
L3  174.82  30.20   14.34
L3  174.82  31.20   12.77
L3  174.82  32.20   11.92
L3  174.82  33.21   11.57
L3  174.82  34.21   11.01
L3  174.82  35.20   12.28
L3  174.82  36.20   13.75
L3  174.82  37.20   15.98
L3  174.82  38.20   15.96
L3  174.82  39.20   22.30
L3  174.82  40.20   19.18
L3  174.82  41.20   14.34
L3  174.82  42.21   16.19
L3  174.82  43.21   19.66
L3  174.82  44.20   17.92
L3  174.82  45.20   14.90
L3  174.82  46.20   16.59
L3  174.82  47.20   27.11
L3  174.82  48.20   15.84
L3  174.82  49.20   18.28
L3  174.82  50.20   23.53
L3  174.82  51.21   20.35
L3  174.82  52.21   23.35
L3  175.82  10.20  1033.77
L3  175.82  11.20  858.88
L3  175.82  12.20  672.33
L3  175.82  13.20  512.91
L3  175.82  14.20  382.35
L3  175.82  15.21  283.53
L3  175.82  16.21  207.70
L3  175.82  17.20  152.33
L3  175.82  18.20  113.89
L3  175.82  19.20   82.88
L3  175.82  20.20   60.54
L3  175.82  21.20   44.93
L3  175.82  22.20   31.21
L3  175.82  23.20   24.26
L3  175.82  24.21   21.10
L3  175.82  25.21   13.26
L3  175.82  26.20   15.30
L3  175.82  27.20   12.35
L3  175.82  28.20   13.47
L3  175.82  29.20   13.16
L3  175.82  30.20   10.61
L3  175.82  31.20   10.75
L3  175.82  32.20   10.97
L3  175.82  33.21   11.16
L3  175.82  34.21   11.46
L3  175.82  35.20   10.72
L3  175.82  36.20   12.04
L3  175.82  37.20   11.30
L3  175.82  38.20   11.19
L3  175.82  39.20   10.80
L3  175.82  40.20    9.61
L3  175.82  41.20   12.61
L3  175.82  42.21   14.37
L3  175.82  43.21   13.57
L3  175.82  44.20   14.53
L3  175.82  45.20   12.64
L3  175.82  46.20   14.69
L3  175.82  47.20   13.91
L3  175.82  48.20   18.03
L3  175.82  49.20   16.73
L3  175.82  50.20   23.67
L3  175.82  51.21   17.97
L3  175.82  52.21   17.69
L3  176.81   9.20  1025.31
L3  176.81  10.20  921.57
L3  176.81  11.20  772.01
L3  176.81  12.20  618.54
L3  176.81  13.20  481.55
L3  176.81  14.20  366.82
L3  176.81  15.21  281.65
L3  176.81  16.21  207.84
L3  176.81  17.20  156.56
L3  176.81  18.20  119.07
L3  176.81  19.20   84.53
L3  176.81  20.20   61.92
L3  176.81  21.20   47.55
L3  176.81  22.20   37.75
L3  176.81  23.20   28.18
L3  176.81  24.21   23.19
L3  176.81  25.21   18.69
L3  176.81  26.20   15.20
L3  176.81  27.20   13.60
L3  176.81  28.20   14.37
L3  176.81  29.20   13.74
L3  176.81  30.20   14.24
L3  176.81  31.20   11.75
L3  176.81  32.20   13.49
L3  176.81  33.21   10.66
L3  176.81  34.21   10.24
L3  176.81  35.20   12.34
L3  176.81  36.20    9.25
L3  176.81  37.20   11.33
L3  176.81  38.20   10.46
L3  176.81  39.20   10.08
L3  176.81  40.20    9.60
L3  176.81  41.20   11.66
L3  176.81  42.21   14.20
L3  176.81  43.21   15.50
L3  176.81  44.20    8.61
L3  176.81  45.20   15.50
L3  176.81  46.20   14.90
L3  176.81  47.20   13.96
L3  176.81  48.20   12.14
L3  176.81  49.20   13.40
L3  176.81  50.20   11.00
L3  176.81  51.21   16.91
L3  176.81  52.21   11.00
L3  177.82   9.20  945.70
L3  177.82  10.20  833.65
L3  177.82  11.20  717.54
L3  177.82  12.20  574.60
L3  177.82  13.20  464.58
L3  177.82  14.20  373.10
L3  177.82  15.21  281.67
L3  177.82  16.21  212.38
L3  177.82  17.20  162.02
L3  177.82  18.20  120.81
L3  177.82  19.20   90.52
L3  177.82  20.20   67.28
L3  177.82  21.20   50.71
L3  177.82  22.20   41.01
L3  177.82  23.20   30.17
L3  177.82  24.21   25.28
L3  177.82  25.21   19.93
L3  177.82  26.20   15.52
L3  177.82  27.20   15.33
L3  177.82  28.20   16.05
L3  177.82  29.20   16.57
L3  177.82  30.20   12.88
L3  177.82  31.20   13.91
L3  177.82  32.20   11.46
L3  177.82  33.21   11.92
L3  177.82  34.21   11.81
L3  177.82  35.20    8.79
L3  177.82  36.20   14.01
L3  177.82  37.20   11.18
L3  177.82  38.20   10.45
L3  177.82  39.20    9.54
L3  177.82  40.20   10.59
L3  177.82  41.20   12.93
L3  177.82  42.21   12.08
L3  177.82  43.21   10.53
L3  177.82  44.20   12.61
L3  177.82  45.20   15.40
L3  177.82  46.20   15.11
L3  177.82  47.20   14.88
L3  177.82  48.20   12.22
L3  177.82  49.20   15.20
L3  177.82  50.20   17.02
L3  177.82  51.21   10.60
L3  178.82   9.20  884.27
L3  178.82  10.20  817.67
L3  178.82  11.20  678.00
L3  178.82  12.20  574.70
L3  178.82  13.20  454.32
L3  178.82  14.20  359.37
L3  178.82  15.21  276.18
L3  178.82  16.21  205.99
L3  178.82  17.20  163.91
L3  178.82  18.20  121.10
L3  178.82  19.20   95.66
L3  178.82  20.20   75.78
L3  178.82  21.20   55.22
L3  178.82  22.20   47.25
L3  178.82  23.20   33.07
L3  178.82  24.21   28.01
L3  178.82  25.21   21.47
L3  178.82  26.20   23.28
L3  178.82  27.20   18.21
L3  178.82  28.20   16.90
L3  178.82  29.20   16.58
L3  178.82  30.20   16.47
L3  178.82  31.20   12.58
L3  178.82  32.20   13.07
L3  178.82  33.21   13.02
L3  178.82  34.21   13.95
L3  178.82  35.20   12.37
L3  178.82  36.20   13.39
L3  178.82  37.20   10.11
L3  178.82  38.20    9.06
L3  178.82  39.20   10.58
L3  178.82  40.20   12.24
L3  178.82  41.20   11.86
L3  178.82  42.21   14.45
L3  178.82  43.21   10.73
L3  178.82  44.20   16.03
L3  178.82  45.20   15.42
L3  178.82  46.20   16.16
L3  178.82  47.20   10.89
L3  178.82  48.20   14.31
L3  178.82  49.20   13.82
L3  178.82  50.20   14.22
L3  178.82  51.21   17.18
L3  179.82   9.20  718.38
L3  179.82  10.20  725.94
L3  179.82  11.20  621.67
L3  179.82  12.20  526.20
L3  179.82  13.20  428.26
L3  179.82  14.20  336.53
L3  179.82  15.21  265.89
L3  179.82  16.21  213.00
L3  179.82  17.20  163.36
L3  179.82  18.20  124.19
L3  179.82  19.20  102.40
L3  179.82  20.20   75.90
L3  179.82  21.20   69.96
L3  179.82  22.20   46.89
L3  179.82  23.20   38.33
L3  179.82  24.21   28.26
L3  179.82  25.21   28.20
L3  179.82  26.20   21.40
L3  179.82  27.20   23.61
L3  179.82  28.20   19.36
L3  179.82  29.20   18.99
L3  179.82  30.20   13.79
L3  179.82  31.20   13.59
L3  179.82  32.20   13.39
L3  179.82  33.21   10.11
L3  179.82  34.21   13.28
L3  179.82  35.20   12.55
L3  179.82  36.20   13.16
L3  179.82  37.20   11.24
L3  179.82  38.20   12.66
L3  179.82  39.20   10.79
L3  179.82  40.20   12.93
L3  179.82  41.20   13.90
L3  179.82  42.21   11.20
L3  179.82  43.21   11.45
L3  179.82  44.20   14.17
L3  179.82  45.20   16.99
L3  179.82  46.20   16.98
L3  179.82  47.20   17.24
L3  179.82  48.20   12.44
L3  179.82  49.20   11.39
L3  179.82  50.20   12.12
L3  179.82  51.21   14.16
L3  180.82  10.20  617.74
L3  180.82  11.20  579.97
L3  180.82  12.20  511.66
L3  180.82  13.20  408.60
L3  180.82  14.20  331.19
L3  180.82  15.21  262.22
L3  180.82  16.21  211.90
L3  180.82  17.20  168.51
L3  180.82  18.20  133.36
L3  180.82  19.20  105.87
L3  180.82  20.20   84.53
L3  180.82  21.20   66.86
L3  180.82  22.20   52.27
L3  180.82  23.20   41.89
L3  180.82  24.21   33.83
L3  180.82  25.21   28.11
L3  180.82  26.20   24.89
L3  180.82  27.20   25.61
L3  180.82  28.20   19.68
L3  180.82  29.20   19.91
L3  180.82  30.20   18.50
L3  180.82  31.20   15.06
L3  180.82  32.20   12.64
L3  180.82  33.21   14.59
L3  180.82  34.21   14.82
L3  180.82  35.20   15.85
L3  180.82  36.20   10.41
L3  180.82  37.20   10.81
L3  180.82  38.20   12.39
L3  180.82  39.20   14.10
L3  180.82  40.20   13.60
L3  180.82  41.20   11.64
L3  180.82  42.21    9.38
L3  180.82  43.21   16.61
L3  180.82  44.20   10.97
L3  180.82  45.20   15.75
L3  180.82  46.20   13.49
L3  180.82  47.20   13.65
L3  180.82  48.20   18.85
L3  180.82  49.20   12.51
L3  180.82  50.20   16.19
L3  181.82  11.20  517.32
L3  181.82  12.20  467.60
L3  181.82  13.20  402.25
L3  181.82  14.20  329.90
L3  181.82  15.21  251.92
L3  181.82  16.21  216.74
L3  181.82  17.20  168.73
L3  181.82  18.20  137.49
L3  181.82  19.20  109.91
L3  181.82  20.20   90.51
L3  181.82  21.20   67.95
L3  181.82  22.20   54.57
L3  181.82  23.20   45.24
L3  181.82  24.21   36.28
L3  181.82  25.21   33.05
L3  181.82  26.20   30.68
L3  181.82  27.20   31.25
L3  181.82  28.20   25.77
L3  181.82  29.20   20.32
L3  181.82  30.20   23.42
L3  181.82  31.20   18.45
L3  181.82  32.20   17.57
L3  181.82  33.21   15.04
L3  181.82  34.21   14.60
L3  181.82  35.20   11.28
L3  181.82  36.20   10.50
L3  181.82  37.20   14.81
L3  181.82  38.20   14.00
L3  181.82  39.20   13.87
L3  181.82  40.20   13.33
L3  181.82  41.20   12.18
L3  181.82  42.21   13.33
L3  181.82  43.21   10.73
L3  181.82  44.20   15.05
L3  181.82  45.20   10.44
L3  181.82  46.20   15.08
L3  181.82  47.20   15.33
L3  181.82  48.20   12.91
L3  181.82  49.20   17.27
L3  181.82  50.20   10.40
L3  182.82  11.20  412.89
L3  182.82  12.20  418.94
L3  182.82  13.20  368.65
L3  182.82  14.20  310.49
L3  182.82  15.21  256.27
L3  182.82  16.21  224.91
L3  182.82  17.20  179.53
L3  182.82  18.20  146.59
L3  182.82  19.20  119.92
L3  182.82  20.20   95.94
L3  182.82  21.20   77.26
L3  182.82  22.20   61.69
L3  182.82  23.20   49.69
L3  182.82  24.21   41.49
L3  182.82  25.21   37.18
L3  182.82  26.20   39.28
L3  182.82  27.20   29.26
L3  182.82  28.20   27.31
L3  182.82  29.20   22.81
L3  182.82  30.20   20.53
L3  182.82  31.20   18.26
L3  182.82  32.20   16.67
L3  182.82  33.21   14.45
L3  182.82  34.21   12.45
L3  182.82  35.20   12.95
L3  182.82  36.20   13.60
L3  182.82  37.20   13.78
L3  182.82  38.20   14.89
L3  182.82  39.20   11.17
L3  182.82  40.20   11.00
L3  182.82  41.20   12.00
L3  182.82  42.21   12.71
L3  182.82  43.21   18.71
L3  182.82  44.20    9.86
L3  182.82  45.20   16.76
L3  182.82  46.20    9.69
L3  182.82  47.20   12.77
L3  182.82  48.20   13.07
L3  182.82  49.20   19.12
L3  183.82  12.20  340.52
L3  183.82  13.20  364.02
L3  183.82  14.20  314.77
L3  183.82  15.21  277.33
L3  183.82  16.21  216.80
L3  183.82  17.20  170.19
L3  183.82  18.20  150.79
L3  183.82  19.20  118.76
L3  183.82  20.20  103.12
L3  183.82  21.20   84.86
L3  183.82  22.20   64.76
L3  183.82  23.20   55.27
L3  183.82  24.21   45.56
L3  183.82  25.21   42.79
L3  183.82  26.20   38.98
L3  183.82  27.20   35.60
L3  183.82  28.20   32.15
L3  183.82  29.20   27.04
L3  183.82  30.20   19.75
L3  183.82  31.20   20.04
L3  183.82  32.20   20.27
L3  183.82  33.21   16.07
L3  183.82  34.21   18.17
L3  183.82  35.20   16.53
L3  183.82  36.20   14.34
L3  183.82  37.20   15.98
L3  183.82  38.20   11.30
L3  183.82  39.20   14.36
L3  183.82  40.20   12.98
L3  183.82  41.20   12.88
L3  183.82  42.21   14.71
L3  183.82  43.21   12.62
L3  183.82  44.20   16.91
L3  183.82  45.20   13.04
L3  183.82  46.20   13.64
L3  183.82  47.20   13.22
L3  183.82  48.20   17.40
L3  183.82  49.20   10.11
L3  184.82  15.21  253.39
L3  184.82  16.21  208.75
L3  184.82  17.20  182.90
L3  184.82  18.20  146.86
L3  184.82  19.20  120.33
L3  184.82  20.20  103.28
L3  184.82  21.20   85.86
L3  184.82  22.20   71.16
L3  184.82  23.20   59.67
L3  184.82  24.21   49.11
L3  184.82  25.21   46.49
L3  184.82  26.20   42.40
L3  184.82  27.20   35.21
L3  184.82  28.20   31.47
L3  184.82  29.20   27.17
L3  184.82  30.20   33.65
L3  184.82  31.20   21.23
L3  184.82  32.20   19.46
L3  184.82  33.21   23.13
L3  184.82  34.21   15.53
L3  184.82  35.20   16.19
L3  184.82  36.20   14.07
L3  184.82  37.20   13.01
L3  184.82  38.20   15.14
L3  184.82  39.20   15.65
L3  184.82  40.20   12.16
L3  184.82  41.20   16.79
L3  184.82  42.21   11.58
L3  184.82  43.21   19.57
L3  184.82  44.20    9.72
L3  184.82  45.20   16.82
L3  184.82  46.20   13.98
L3  184.82  47.20   15.56
L3  184.82  48.20   19.15
L3  184.82  49.20    7.18
L3  185.81  17.20  163.86
L3  185.81  18.20  151.64
L3  185.81  19.20  123.64
L3  185.81  20.20  107.18
L3  185.81  21.20   87.47
L3  185.81  22.20   72.07
L3  185.81  23.20   67.68
L3  185.81  24.21   56.78
L3  185.81  25.21   57.98
L3  185.81  26.20   44.40
L3  185.81  27.20   37.97
L3  185.81  28.20   35.07
L3  185.81  29.20   30.34
L3  185.81  30.20   25.68
L3  185.81  31.20   23.78
L3  185.81  32.20   22.02
L3  185.81  33.21   21.33
L3  185.81  34.21   18.93
L3  185.81  35.20   18.82
L3  185.81  36.20   15.07
L3  185.81  37.20   12.47
L3  185.81  38.20   21.48
L3  185.81  39.20   12.63
L3  185.81  40.20   15.15
L3  185.81  41.20   18.07
L3  185.81  42.21   14.12
L3  185.81  43.21   14.68
L3  185.81  44.20   16.68
L3  185.81  45.20   14.86
L3  185.81  46.20   17.57
L3  185.81  47.20   14.67
L3  185.81  48.20   13.62
L3  186.82  19.20  110.74
L3  186.82  20.20  105.15
L3  186.82  21.20   89.93
L3  186.82  22.20   73.25
L3  186.82  23.20   64.55
L3  186.82  24.21   58.03
L3  186.82  25.21   52.38
L3  186.82  26.20   46.29
L3  186.82  27.20   39.21
L3  186.82  28.20   39.82
L3  186.82  29.20   34.25
L3  186.82  30.20   28.87
L3  186.82  31.20   27.08
L3  186.82  32.20   21.56
L3  186.82  33.21   23.73
L3  186.82  34.21   15.25
L3  186.82  35.20   17.55
L3  186.82  36.20   21.88
L3  186.82  37.20   15.69
L3  186.82  38.20   16.20
L3  186.82  39.20   14.15
L3  186.82  40.20   19.22
L3  186.82  41.20   17.36
L3  186.82  42.21   13.70
L3  186.82  43.21   12.32
L3  186.82  44.20   15.07
L3  186.82  45.20   21.48
L3  186.82  46.20   15.83
L3  186.82  47.20   18.42
L3  187.82  22.20   70.55
L3  187.82  23.20   67.23
L3  187.82  24.21   77.72
L3  187.82  25.21   56.18
L3  187.82  26.20   48.07
L3  187.82  27.20   45.09
L3  187.82  28.20   37.63
L3  187.82  29.20   33.38
L3  187.82  30.20   30.09
L3  187.82  31.20   36.71
L3  187.82  32.20   26.17
L3  187.82  33.21   21.54
L3  187.82  34.21   19.09
L3  187.82  35.20   20.08
L3  187.82  36.20   15.50
L3  187.82  37.20   18.65
L3  187.82  38.20   15.43
L3  187.82  39.20   14.71
L3  187.82  40.20   16.21
L3  187.82  41.20   16.40
L3  187.82  42.21   15.01
L3  187.82  43.21   17.91
L3  187.82  44.20   18.19
L3  187.82  45.20   18.84
L3  187.82  46.20   13.21
L3  188.82  24.21   52.57
L3  188.82  25.21   58.48
L3  188.82  26.20   55.72
L3  188.82  27.20   47.79
L3  188.82  28.20   38.09
L3  188.82  29.20   37.00
L3  188.82  30.20   34.39
L3  188.82  31.20   28.84
L3  188.82  32.20   25.95
L3  188.82  33.21   26.45
L3  188.82  34.21   27.23
L3  188.82  35.20   19.15
L3  188.82  36.20   17.05
L3  188.82  37.20   22.52
L3  188.82  38.20   18.53
L3  188.82  39.20   16.76
L3  188.82  40.20   21.48
L3  188.82  41.20   17.25
L3  188.82  42.21   20.26
L3  188.82  43.21   21.06
L3  188.82  44.20   22.53
L3  189.82  27.20   43.97
L3  189.82  28.20   40.87
L3  189.82  29.20   43.22
L3  189.82  30.20   30.39
L3  189.82  31.20   33.65
L3  189.82  32.20   30.43
L3  189.82  33.21   29.67
L3  189.82  34.21   26.83
L3  189.82  35.20   18.13
L3  189.82  36.20   22.09
L3  189.82  37.20   18.37
L3  189.82  38.20   15.91
L3  189.82  39.20   14.04
L3  189.82  40.20   25.45
L3  189.82  41.20   22.16
L3  189.82  42.21   18.59
L3  190.82  30.20   26.81
L3  190.82  31.20   27.23
L3  190.82  32.20   27.60
L3  190.82  33.21   25.37
L3  190.82  34.21   28.36
L3  190.82  35.20   22.84
L3  190.82  36.20   27.27
L3  190.82  37.20   25.90
L3  190.82  38.20   21.63
L3  190.82  39.20   22.31
L3  190.82  40.20   21.62
L3  191.82  33.21   22.68
L3  191.82  34.21   24.71
L3  191.82  35.20   24.84
L3  191.82  36.20   20.92
L3  191.82  37.20   12.17
L3  191.82  38.20    3.52
